,MOSTYPE,MAANTHUI,MGEMOMV,MGEMLEEF,MOSHOOFD,MGODRK,MGODPR,MGODOV,MGODGE,MRELGE,MRELSA,MRELOV,MFALLEEN,MFGEKIND,MFWEKIND,MOPLHOOG,MOPLMIDD,MOPLLAAG,MBERHOOG,MBERZELF,MBERBOER,MBERMIDD,MBERARBG,MBERARBO,MSKA,MSKB1,MSKB2,MSKC,MSKD,MHHUUR,MHKOOP,MAUT1,MAUT2,MAUT0,MZFONDS,MZPART,MINKM30,MINK3045,MINK4575,MINK7512,MINK123M,MINKGEM,MKOOPKLA,PWAPART,PWABEDR,PWALAND,PPERSAUT,PBESAUT,PMOTSCO,PVRAAUT,PAANHANG,PTRACTOR,PWERKT,PBROM,PLEVEN,PPERSONG,PGEZONG,PWAOREG,PBRAND,PZEILPL,PPLEZIER,PFIETS,PINBOED,PBYSTAND,AWAPART,AWABEDR,AWALAND,APERSAUT,ABESAUT,AMOTSCO,AVRAAUT,AAANHANG,ATRACTOR,AWERKT,ABROM,ALEVEN,APERSONG,AGEZONG,AWAOREG,ABRAND,AZEILPL,APLEZIER,AFIETS,AINBOED,ABYSTAND
MOSTYPE,0.030318586,-3.132219e-05,0.024929682,0.009847875,0.011396894,0.032216586,-0.01727128,-0.022777097,0.017499054,0.058224104,-0.021164626,-0.0444049,-0.022175413,-0.0066784513,0.014775397,0.02718288,0.02064237,-0.05627712,0.002245998,-0.013690194,-0.018226458,0.021585708,-0.008168514,-0.005525913,0.01379545,0.0076723993,0.010351718,-0.024405794,-0.03524838,-0.021594115,0.021438045,-0.017668674,-0.03823208,0.046764594,0.02451617,-0.024561174,-0.020676257,0.029843511,-0.0025327771,-0.022696529,-0.008696114,-0.0037449196,0.0029167412,0.0051100883,-0.0006507923,-0.0011198492,0.0003682236,0.0,-0.0067422483,0.0,0.0017106087,-0.006465162,0.0,-0.0006342689,-0.005339328,0.0,-0.004289758,-0.0013897732,0.0040376396,0.0,0.0,-6.0188395e-05,-0.009589473,-0.013906089,0.0016377073,-0.00032212207,-0.0006889215,-0.0016266857,0.0,-0.0012441798,0.0,0.00085530436,-0.0025212409,0.0,-5.2842588e-05,-0.00058044074,0.0,-0.002144879,-0.00023162886,-0.003544018,0.0,0.0,-0.00012084196,-0.004794737,-0.0034765222
MAANTHUI,-3.132219e-05,0.00032901426,-0.001029935,-0.0004102881,-0.00023267536,-0.0014457837,0.0010965628,0.00085979025,-0.0009801034,-0.0023521578,0.000874808,0.0018444443,0.0010145477,0.00017931391,-0.00061468314,-0.0013116392,-0.0009533509,0.002498247,-0.00022057573,0.00057718443,0.00092365016,-0.0010979013,0.0004919767,0.00023600279,-0.000615486,-0.00028413945,-0.00043024446,0.0011446159,0.0013636657,0.0011752965,-0.0011735613,0.0010027083,0.0018470646,-0.0022906468,-0.0010876104,0.0010869809,0.0009379349,-0.0012087015,5.5984332e-05,0.000904745,0.0002168584,3.770608e-05,0.0003220811,-0.00022307922,2.0058153e-05,0.00018607898,-9.6434465e-05,0.0,0.00027012525,0.0,-1.6433534e-05,0.00033593932,0.0,9.174887e-05,0.00016629585,0.0,0.00025858765,4.7587582e-05,-5.6082004e-05,0.0,0.0,4.3902864e-06,0.00041541544,0.0007814933,-0.00010167908,9.974032e-06,7.047589e-05,5.9558824e-05,0.0,5.745933e-05,0.0,-8.216767e-06,0.00012535272,0.0,2.1900629e-05,3.5963174e-05,0.0,0.00012929383,7.931266e-06,-0.00014077048,0.0,0.0,8.791713e-06,0.00020770771,0.0001953733
MGEMOMV,0.024929682,-0.001029935,0.17784636,0.07146217,0.0457501,0.24993509,-0.17714804,-0.15742184,0.1639189,0.40833318,-0.15140365,-0.31556222,-0.16595402,-0.044289853,0.11183718,0.21968743,0.15369952,-0.41737044,0.027872875,-0.103762984,-0.1690631,0.18306307,-0.062162895,-0.039713744,0.098435424,0.044934344,0.06387649,-0.17631416,-0.23954953,-0.17943476,0.17908831,-0.16878134,-0.315824,0.3933837,0.19236946,-0.19231032,-0.14978163,0.21900767,-0.023707317,-0.16514304,-0.045179147,-0.018767374,-0.042914532,0.052651808,-0.0039941324,-0.031643067,0.0126620885,0.0,-0.0377359,0.0,0.0033209831,-0.042637043,0.0,-0.015612342,-0.036271695,0.0,-0.04131679,-0.009566363,0.0119537115,0.0,0.0,-0.0005894379,-0.07412189,-0.13245526,0.024318995,-0.0019891984,-0.011967535,-0.012253023,0.0,-0.0073714443,0.0,0.0016604916,-0.016566373,0.0,-0.0030489704,-0.0071080076,0.0,-0.020658394,-0.0015943934,-0.018091682,0.0,0.0,-0.0011800168,-0.037060957,-0.033113815
MGEMLEEF,0.009847875,-0.0004102881,0.07146217,0.031120759,0.018293004,0.102715015,-0.07515363,-0.06425626,0.070014976,0.16501759,-0.061643157,-0.12751846,-0.0661689,-0.014503068,0.04114734,0.08989101,0.06336245,-0.17129478,0.009417695,-0.043359466,-0.06687976,0.07498919,-0.02630177,-0.01431883,0.039373115,0.019969054,0.025966993,-0.07339837,-0.096561626,-0.07021801,0.07006748,-0.07015605,-0.13181177,0.16533934,0.08068951,-0.080661476,-0.059397,0.08669274,-0.007937573,-0.06738883,-0.01812074,-0.0076588294,-0.01854464,0.021107523,-0.0016924049,-0.012067279,0.0061891074,0.0,-0.014441572,0.0,0.0014034859,-0.017152043,0.0,-0.006299673,-0.014174299,0.0,-0.01897843,-0.0038457804,0.005094002,0.0,0.0,-0.00023439564,-0.03223606,-0.05854087,0.009600403,-0.00084241695,-0.0046124556,-0.0048853117,0.0,-0.0027727415,0.0,0.00070174295,-0.006686081,0.0,-0.0012168582,-0.00266834,0.0,-0.009489215,-0.00064096344,-0.0072545954,0.0,0.0,-0.00046945308,-0.016118027,-0.014635217
MOSHOOFD,0.011396894,-0.00023267536,0.0457501,0.018293004,0.012963292,0.0638047,-0.043991957,-0.040800843,0.04093863,0.105360106,-0.038663313,-0.08169503,-0.04283846,-0.011499756,0.028853847,0.05572352,0.04005347,-0.10742446,0.00712381,-0.026579952,-0.042188227,0.04602916,-0.016062869,-0.010507884,0.025656044,0.011964423,0.01668289,-0.045753088,-0.06225485,-0.046248987,0.046144303,-0.0424563,-0.080015205,0.09948527,0.048931994,-0.048924733,-0.038848743,0.056940123,-0.0062581063,-0.042651337,-0.01218739,-0.00506631,-0.009888773,0.012989211,-0.0010542294,-0.007308364,0.0029927893,0.0,-0.010068978,0.0,0.0011052287,-0.010597714,0.0,-0.003659226,-0.009568111,0.0,-0.010316595,-0.0025001962,0.0035772766,0.0,0.0,-0.0001334035,-0.018958583,-0.033257253,0.0058796043,-0.0005247615,-0.0028186648,-0.003190572,0.0,-0.0019658026,0.0,0.00055261434,-0.004149101,0.0,-0.00070428924,-0.0018115598,0.0,-0.0051582977,-0.00041669933,-0.0048923763,0.0,0.0,-0.00026713585,-0.009479293,-0.008314314
MGODRK,0.032216586,-0.0014457837,0.24993509,0.102715015,0.0638047,0.3575046,-0.25383115,-0.22410877,0.23472446,0.57621384,-0.2143636,-0.44494173,-0.23285316,-0.05811063,0.15314278,0.3111588,0.21719088,-0.5901475,0.03576924,-0.14743476,-0.2420633,0.25943995,-0.08487707,-0.05112533,0.1371781,0.06278833,0.0894772,-0.24774323,-0.335705,-0.25344038,0.2529464,-0.24187696,-0.44992876,0.56373906,0.27349722,-0.27340773,-0.21112606,0.30779305,-0.029082568,-0.2355653,-0.063495226,-0.027754495,-0.0627127,0.07596147,-0.0056035724,-0.04674512,0.020022001,0.0,-0.053943854,0.0,0.004348594,-0.06161513,0.0,-0.022281663,-0.050806273,0.0,-0.06209055,-0.013416357,0.0154978065,0.0,0.0,-0.00079311925,-0.10809178,-0.19444697,0.035214413,-0.0027905833,-0.01754616,-0.017234903,0.0,-0.010649318,0.0,0.002174297,-0.023836445,0.0,-0.0043583754,-0.010030342,0.0,-0.031045275,-0.0022360594,-0.025327332,0.0,0.0,-0.001587859,-0.054045886,-0.04861174
MGODPR,-0.01727128,0.0010965628,-0.17714804,-0.07515363,-0.043991957,-0.25383115,0.19252448,0.1577529,-0.17904204,-0.40506688,0.15054251,0.3127667,0.165562,0.040610217,-0.10795931,-0.2198471,-0.15590838,0.41903386,-0.025704907,0.10816774,0.16563886,-0.18381682,0.061288863,0.038120106,-0.09438168,-0.045638375,-0.06789456,0.18169835,0.23794268,0.17579149,-0.1754674,0.1754178,0.3241214,-0.40731332,-0.19757815,0.19749218,0.1473685,-0.21664558,0.026779693,0.16122438,0.04399823,0.016967855,0.04358104,-0.05280685,0.0040934714,0.030179799,-0.015912509,0.0,0.03563886,0.0,-0.0033729211,0.0415377,0.0,0.01569048,0.03532788,0.0,0.04801121,0.009485486,-0.012541806,0.0,0.0,0.00056253566,0.08070876,0.14755169,-0.024299428,0.0020403138,0.011498816,0.01219128,0.0,0.006808307,0.0,-0.0016864606,0.016224723,0.0,0.0030838458,0.0068354933,0.0,0.024005605,0.0015809141,0.017664993,0.0,0.0,0.0011258156,0.040354375,0.03688792
MGODOV,-0.022777097,0.00085979025,-0.15742184,-0.06425626,-0.040800843,-0.22410877,0.1577529,0.14220306,-0.1467067,-0.36306646,0.13442764,0.28062165,0.14679925,0.036714975,-0.09679294,-0.19485281,-0.13627617,0.3704814,-0.022124505,0.09264281,0.15194376,-0.16245037,0.05281722,0.032320768,-0.086398624,-0.03958355,-0.056218497,0.15524364,0.21174984,0.15831351,-0.15799545,0.15140346,0.281278,-0.35252717,-0.17201002,0.1719584,0.13228914,-0.19488283,0.019691005,0.14848731,0.040420473,0.018138977,0.03842816,-0.047002293,0.003572488,0.028704992,-0.012040896,0.0,0.033975817,0.0,-0.0029139377,0.038691733,0.0,0.0139679825,0.03219863,0.0,0.03832067,0.008478993,-0.010567586,0.0,0.0,0.0004823463,0.06769501,0.12084733,-0.021763159,0.0017783795,0.010816235,0.010950454,0.0,0.0066487603,0.0,-0.0014569688,0.014986234,0.0,0.0027019838,0.006268094,0.0,0.019160336,0.0014131656,0.016453981,0.0,0.0,0.0009658951,0.033847507,0.030211834
MGODGE,0.017499054,-0.0009801034,0.1639189,0.070014976,0.04093863,0.23472446,-0.17904204,-0.1467067,0.16856053,0.37480867,-0.13990785,-0.28932393,-0.15279481,-0.03718536,0.09986111,0.20378383,0.14375122,-0.3878846,0.022460915,-0.1006749,-0.15331942,0.1705353,-0.055209965,-0.035103902,0.08663994,0.042178076,0.06324146,-0.16799448,-0.21916838,-0.16077998,0.1604711,-0.16216947,-0.30124584,0.37846625,0.18438311,-0.18431304,-0.1355123,0.19858614,-0.022758543,-0.14967833,-0.040734243,-0.016084364,-0.03914714,0.049486235,-0.0037974454,-0.02807249,0.015222272,0.0,-0.033242438,0.0,0.0030575572,-0.038823683,0.0,-0.014325836,-0.03283041,0.0,-0.045214985,-0.008646379,0.011265767,0.0,0.0,-0.00049369485,-0.07549945,-0.13851392,0.022719657,-0.0018919073,-0.010646688,-0.011299365,0.0,-0.0064011496,0.0,0.0015287786,-0.015118544,0.0,-0.002789956,-0.0063881897,0.0,-0.022607492,-0.001441063,-0.016494986,0.0,0.0,-0.0009882915,-0.037749723,-0.034628477
MRELGE,0.058224104,-0.0023521578,0.40833318,0.16501759,0.105360106,0.57621384,-0.40506688,-0.36306646,0.37480867,0.94273144,-0.35003975,-0.72802395,-0.38094813,-0.09781433,0.2530124,0.50738186,0.35115165,-0.95971143,0.06129124,-0.23806311,-0.39252216,0.42209834,-0.14162548,-0.08736012,0.22714493,0.103193186,0.1440105,-0.40266988,-0.5491976,-0.41164392,0.4108323,-0.38818192,-0.7268362,0.90639466,0.44461343,-0.44448766,-0.34354502,0.5027422,-0.049442362,-0.38379383,-0.10439379,-0.0455373,-0.09995761,0.12259491,-0.009193339,-0.074308485,0.02915071,0.0,-0.08770264,0.0,0.007463777,-0.100036666,0.0,-0.036463924,-0.08335708,0.0,-0.09514259,-0.021948729,0.02688584,0.0,0.0,-0.0013059382,-0.17058374,-0.30499008,0.056635927,-0.0045784665,-0.028067645,-0.028129173,0.0,-0.017180467,0.0,0.0037318885,-0.038755592,0.0,-0.0071243984,-0.016222954,0.0,-0.047571294,-0.0036581205,-0.041572552,0.0,0.0,-0.002614477,-0.08529187,-0.076247506
MRELSA,-0.021164626,0.000874808,-0.15140365,-0.061643157,-0.038663313,-0.2143636,0.15054251,0.13442764,-0.13990785,-0.35003975,0.13208914,0.2691793,0.13998283,0.035812434,-0.09301319,-0.19005705,-0.12825167,0.35581556,-0.021013822,0.088279024,0.14812808,-0.15815295,0.05152994,0.029905029,-0.08391247,-0.037705008,-0.052094676,0.1473527,0.20149922,0.1520351,-0.151726,0.14352441,0.27237222,-0.3386676,-0.16649613,0.1664605,0.12752184,-0.18331826,0.012809534,0.14437273,0.038492303,0.017483719,0.037302345,-0.047182016,0.0033506155,0.029282007,-0.01145451,0.0,0.033451494,0.0,-0.0025305566,0.038651165,0.0,0.0133873755,0.031071898,0.0,0.035832487,0.008014006,-0.008397265,0.0,0.0,0.0005056351,0.06340095,0.11423815,-0.021696556,0.001667729,0.010945341,0.010311352,0.0,0.006679617,0.0,-0.0012652783,0.014851774,0.0,0.0026119158,0.006198358,0.0,0.017916244,0.0013356676,0.015077514,0.0,0.0,0.0010124724,0.031700466,0.028559538
MRELOV,-0.0444049,0.0018444443,-0.31556222,-0.12751846,-0.08169503,-0.44494173,0.3127667,0.28062165,-0.28932393,-0.72802395,0.2691793,0.5640384,0.2955433,0.07592171,-0.19646393,-0.39171943,-0.2750888,0.74499285,-0.049176447,0.1840335,0.30063224,-0.32555884,0.11144203,0.07038666,-0.17691335,-0.08151314,-0.11219915,0.31484607,0.42590013,0.32077873,-0.32016188,0.30039266,0.5618571,-0.7002708,-0.34255654,0.34245035,0.2667574,-0.39032528,0.0397027,0.29643694,0.080735706,0.034420587,0.07873249,-0.093489416,0.0071685626,0.056091662,-0.022564765,0.0,0.068159185,0.0,-0.005678203,0.075190164,0.0,0.02810398,0.06467204,0.0,0.07342539,0.016978655,-0.021091526,0.0,0.0,0.0010218554,0.13173534,0.2355076,-0.043291196,0.0035704952,0.021191651,0.02182612,0.0,0.013409948,0.0,-0.0028391015,0.029250475,0.0,0.0055020186,0.012709788,0.0,0.036712695,0.002829776,0.03213982,0.0,0.0,0.0020456547,0.06586767,0.058876902
MFALLEEN,-0.022175413,0.0010145477,-0.16595402,-0.0661689,-0.04283846,-0.23285316,0.165562,0.14679925,-0.15279481,-0.38094813,0.13998283,0.2955433,0.15669714,0.041462842,-0.1056815,-0.20405777,-0.14485854,0.38972032,-0.02746637,0.096797146,0.15591115,-0.16943505,0.05881327,0.038751494,-0.09245346,-0.04211486,-0.060634106,0.16641825,0.22423734,0.16969398,-0.16938527,0.15778975,0.293177,-0.36533895,-0.17842099,0.17835894,0.14082097,-0.20676294,0.024933783,0.15285125,0.042233784,0.016801307,0.040316194,-0.048330408,0.0037762758,0.028498203,-0.011686204,0.0,0.03537081,0.0,-0.0031256313,0.038295005,0.0,0.014595844,0.034063656,0.0,0.038382586,0.00892021,-0.011752794,0.0,0.0,0.0005536383,0.06908481,0.12327247,-0.02247165,0.0018816311,0.010813508,0.0115043875,0.0,0.006909912,0.0,-0.0015628156,0.014970969,0.0,0.0028752326,0.0066770483,0.0,0.019191293,0.0014867015,0.016893111,0.0,0.0,0.0011081608,0.034542397,0.030818118
MFGEKIND,-0.0066784513,0.00017931391,-0.044289853,-0.014503068,-0.011499756,-0.05811063,0.040610217,0.036714975,-0.03718536,-0.09781433,0.035812434,0.07592171,0.041462842,0.020181319,-0.0368441,-0.0510613,-0.03783073,0.099136196,-0.011304004,0.02398036,0.04130119,-0.042417534,0.012716945,0.015400839,-0.023776632,-0.008472138,-0.017104505,0.04216051,0.060110416,0.048510913,-0.048439242,0.039077487,0.07235995,-0.087845206,-0.041650426,0.04163892,0.038622655,-0.056328002,0.01099704,0.03754431,0.011504334,0.00339854,0.008362035,-0.0121967,0.0009047475,0.0075073997,-0.0020301058,0.0,0.010140427,0.0,-0.00062129414,0.008764456,0.0,0.0036350484,0.010305002,0.0,0.0073529826,0.0024857947,-0.0023924739,0.0,0.0,0.0001447336,0.015415519,0.026614357,-0.0057551335,0.0004499335,0.0027892776,0.0031734165,0.0,0.0020981953,0.0,-0.00031064707,0.0034790463,0.0,0.00070621894,0.0023645572,0.0,0.0036764913,0.0004142991,0.004565654,0.0,0.0,0.000289854,0.007707758,0.00665359
MFWEKIND,0.014775397,-0.00061468314,0.11183718,0.04114734,0.028853847,0.15314278,-0.10795931,-0.09679294,0.09986111,0.2530124,-0.09301319,-0.19646393,-0.1056815,-0.0368441,0.0808179,0.13446896,0.09682825,-0.25812376,0.022538096,-0.06317689,-0.10578992,0.111836195,-0.03611409,-0.031131972,0.06141735,0.025223747,0.04208562,-0.10996706,-0.15047926,-0.11895884,0.11876722,-0.103203826,-0.19212489,0.23679739,0.11424339,-0.11421535,-0.096716665,0.1403217,-0.019634364,-0.10013692,-0.028601937,-0.010207828,-0.024847135,0.032422014,-0.0024208764,-0.019883009,0.0070531233,0.0,-0.025297957,0.0,0.0016855821,-0.024463082,0.0,-0.00954099,-0.024602048,0.0,-0.023103505,-0.00598551,0.0065023024,0.0,0.0,-0.0003610048,-0.043572254,-0.07703337,0.01524237,-0.0012059102,-0.0073841233,-0.007916866,0.0,-0.0051570046,0.0,0.00084279105,-0.0095818145,0.0,-0.0018769108,-0.005309055,0.0,-0.011551753,-0.000997585,-0.011479888,0.0,0.0,-0.000722608,-0.021786127,-0.019258346
MOPLHOOG,0.02718288,-0.0013116392,0.21968743,0.08989101,0.05572352,0.3111588,-0.2198471,-0.19485281,0.20378383,0.50738186,-0.19005705,-0.39171943,-0.20405777,-0.0510613,0.13446896,0.27624533,0.19017734,-0.5206309,0.03266435,-0.12846187,-0.2126807,0.23034382,-0.077979125,-0.046417348,0.12313256,0.056834318,0.076690465,-0.21818037,-0.29424477,-0.2222489,0.22182408,-0.20995013,-0.3965238,0.4933717,0.24136959,-0.2412997,-0.18530592,0.2670019,-0.02078255,-0.20856123,-0.055324197,-0.024147438,-0.056774247,0.06750756,-0.0048929495,-0.041560553,0.016623486,0.0,-0.047390405,0.0,0.0035777416,-0.054351278,0.0,-0.019615816,-0.04473628,0.0,-0.05213996,-0.0116796605,0.012653212,0.0,0.0,-0.00069917645,-0.09214681,-0.1662399,0.031191064,-0.0024370363,-0.015551956,-0.015052863,0.0,-0.0094207255,0.0,0.0017888708,-0.020992076,0.0,-0.0038482922,-0.008967123,0.0,-0.02606998,-0.0019466098,-0.021820242,0.0,0.0,-0.0013996855,-0.046073418,-0.041559983
MOPLMIDD,0.02064237,-0.0009533509,0.15369952,0.06336245,0.04005347,0.21719088,-0.15590838,-0.13627617,0.14375122,0.35115165,-0.12825167,-0.2750888,-0.14485854,-0.03783073,0.09682825,0.19017734,0.14638974,-0.37501118,0.028976658,-0.09103827,-0.138265,0.15886849,-0.06107576,-0.041535858,0.088925,0.045754623,0.05927356,-0.1661491,-0.2113358,-0.16167767,0.1614036,-0.1496665,-0.2780412,0.3467148,0.16476506,-0.16469449,-0.13250905,0.18998104,-0.021462154,-0.14181995,-0.038734846,-0.012763431,-0.041852422,0.042694252,-0.0035715136,-0.0241915,0.012056319,0.0,-0.03227178,0.0,0.0028250448,-0.031731676,0.0,-0.012671458,-0.031647727,0.0,-0.03734814,-0.008297202,0.010803971,0.0,0.0,-0.00047288847,-0.065477796,-0.11756794,0.019908028,-0.0017796947,-0.009135913,-0.01072951,0.0,-0.006395882,0.0,0.0014125224,-0.012617048,0.0,-0.0024957152,-0.006541758,0.0,-0.01867407,-0.0013828672,-0.015488205,0.0,0.0,-0.0009465422,-0.032738905,-0.029391991
MOPLLAAG,-0.05627712,0.002498247,-0.41737044,-0.17129478,-0.10742446,-0.5901475,0.41903386,0.3704814,-0.3878846,-0.95971143,0.35581556,0.74499285,0.38972032,0.099136196,-0.25812376,-0.5206309,-0.37501118,1.0,-0.06817009,0.24535382,0.3920254,-0.43489718,0.15477821,0.09809937,-0.23644029,-0.114592165,-0.15207048,0.42857677,0.56525123,0.4271747,-0.42637444,0.40095365,0.7532576,-0.93794155,-0.45404872,0.45390135,0.35478723,-0.5105555,0.047793478,0.39109436,0.10543787,0.04132936,0.108660534,-0.122767076,0.009488876,0.073049806,-0.031735837,0.0,0.08860362,0.0,-0.007316,0.09663668,0.0,0.036098283,0.085143685,0.0,0.09981395,0.022326928,-0.026782293,0.0,0.0,0.0013339852,0.17615604,0.31664714,-0.05682727,0.004726643,0.027474098,0.028776262,0.0,0.017526029,0.0,-0.003658,0.037717383,0.0,0.0070714476,0.017134942,0.0,0.049906977,0.003721154,0.041993625,0.0,0.0,0.002670431,0.08807804,0.07916179
MBERHOOG,0.002245998,-0.00022057573,0.027872875,0.009417695,0.00712381,0.03576924,-0.025704907,-0.022124505,0.022460915,0.06129124,-0.021013822,-0.049176447,-0.02746637,-0.011304004,0.022538096,0.03266435,0.028976658,-0.06817009,0.010756767,-0.01500881,-0.022067273,0.027520735,-0.013801636,-0.013532492,0.017707659,0.008633468,0.012497033,-0.03285892,-0.040174965,-0.033219784,0.033197053,-0.02581363,-0.0462252,0.056112405,0.025150822,-0.025132496,-0.025248753,0.035268202,-0.00818657,-0.0218792,-0.006605771,0.0001496453,-0.00818253,0.006059415,-0.0005966888,-0.003313007,0.000888818,0.0,-0.0048245913,0.0,0.00045949352,-0.003358144,0.0,-0.002144899,-0.0062116175,0.0,-0.0040277205,-0.0015864195,0.002234019,0.0,0.0,-9.791049e-05,-0.008968964,-0.015326983,0.0030129657,-0.00029876718,-0.0012632383,-0.0020251942,0.0,-0.00094560726,0.0,0.00022974676,-0.0014839397,0.0,-0.00045420308,-0.0014678,0.0,-0.0020138603,-0.00026440326,-0.0027172982,0.0,0.0,-0.0001956074,-0.0044844816,-0.0038317458
MBERZELF,-0.013690194,0.00057718443,-0.103762984,-0.043359466,-0.026579952,-0.14743476,0.10816774,0.09264281,-0.1006749,-0.23806311,0.088279024,0.1840335,0.096797146,0.02398036,-0.06317689,-0.12846187,-0.09103827,0.24535382,-0.01500881,0.06257369,0.09699347,-0.10730187,0.036423784,0.022516526,-0.05640734,-0.027369259,-0.038420457,0.10524256,0.1399392,0.102797545,-0.10259572,0.100682884,0.18787691,-0.2351131,-0.1149616,0.1149193,0.08674853,-0.12749293,0.014813353,0.095760375,0.02632347,0.010544533,0.0250728,-0.030514311,0.0024079506,0.017384538,-0.008378739,0.0,0.021060685,0.0,-0.0020623251,0.024399301,0.0,0.009137169,0.020821974,0.0,0.026471317,0.0055921595,-0.0076180403,0.0,0.0,0.00034162126,0.045798115,0.08271968,-0.013980525,0.0011995052,0.006643146,0.0071591605,0.0,0.0040258095,0.0,-0.0010311626,0.009529259,0.0,0.0017767593,0.003945851,0.0,0.013235658,0.0009320269,0.010575047,0.0,0.0,0.00068386836,0.02289906,0.020679919
MBERBOER,-0.018226458,0.00092365016,-0.1690631,-0.06687976,-0.042188227,-0.2420633,0.16563886,0.15194376,-0.15331942,-0.39252216,0.14812808,0.30063224,0.15591115,0.04130119,-0.10578992,-0.2126807,-0.138265,0.3920254,-0.022067273,0.09699347,0.1768658,-0.17821528,0.049595084,0.030183101,-0.091530986,-0.036123727,-0.05573604,0.15546374,0.22295156,0.17227167,-0.1719441,0.16127804,0.30173358,-0.37708098,-0.1841836,0.18414243,0.14252345,-0.20607904,0.012267916,0.16380803,0.042821117,0.021954885,0.042553566,-0.055908807,0.0034985119,0.03839712,-0.012899717,0.0,0.038326718,0.0,-0.0021302577,0.04698349,0.0,0.015919019,0.03510466,0.0,0.039537713,0.009018567,-0.0068961564,0.0,0.0,0.000500502,0.070305154,0.1261899,-0.026179347,0.0017411999,0.014094288,0.0116803665,0.0,0.007796594,0.0,-0.0010651288,0.017810984,0.0,0.0031141816,0.0072219344,0.0,0.019768856,0.0015030949,0.017046198,0.0,0.0,0.0010022345,0.035152584,0.031547476
MBERMIDD,0.021585708,-0.0010979013,0.18306307,0.07498919,0.04602916,0.25943995,-0.18381682,-0.16245037,0.1705353,0.42209834,-0.15815295,-0.32555884,-0.16943505,-0.042417534,0.111836195,0.23034382,0.15886849,-0.43489718,0.027520735,-0.10730187,-0.17821528,0.19433519,-0.06492805,-0.039702315,0.10197264,0.047801245,0.06450423,-0.18217514,-0.24510567,-0.18420431,0.18385497,-0.17521869,-0.33157235,0.41249976,0.2012291,-0.20116852,-0.15411171,0.22106718,-0.01715085,-0.17288929,-0.04561226,-0.019382617,-0.047160983,0.056043,-0.004032644,-0.035216916,0.013939124,0.0,-0.038568795,0.0,0.00285098,-0.045796413,0.0,-0.016589275,-0.03684473,0.0,-0.04361127,-0.009703709,0.010467161,0.0,0.0,-0.0005834254,-0.0768633,-0.13862638,0.02591507,-0.0020083848,-0.013132186,-0.012485837,0.0,-0.007627993,0.0,0.00142549,-0.017651983,0.0,-0.0032511542,-0.0073714666,0.0,-0.021805635,-0.0016172848,-0.0183557,0.0,0.0,-0.0011679175,-0.038431652,-0.034656595
MBERARBG,-0.008168514,0.0004919767,-0.062162895,-0.02630177,-0.016062869,-0.08487707,0.061288863,0.05281722,-0.055209965,-0.14162548,0.05152994,0.11144203,0.05881327,0.012716945,-0.03611409,-0.077979125,-0.06107576,0.15477821,-0.013801636,0.036423784,0.049595084,-0.06492805,0.034593217,0.017838513,-0.03936486,-0.02327238,-0.022982499,0.071747705,0.08710854,0.06346081,-0.06335073,0.05873367,0.11258818,-0.13827166,-0.06755661,0.06752323,0.053387087,-0.07624407,0.009653376,0.05625005,0.015120552,0.0036732696,0.018818187,-0.015079032,0.0015460984,0.0068025272,-0.0033498884,0.0,0.011172616,0.0,-0.0015602938,0.010965624,0.0,0.0049045193,0.011955683,0.0,0.012877063,0.003332921,-0.0061739613,0.0,0.0,0.0001964327,0.024182377,0.042788718,-0.0067962613,0.0007721139,0.0027593512,0.0041845394,0.0,0.002026002,0.0,-0.0007801469,0.0045225685,0.0,0.0009875653,0.0022375414,0.0,0.0064385314,0.0005554869,0.0060068113,0.0,0.0,0.00039273832,0.012091189,0.010697179
MBERARBO,-0.005525913,0.00023600279,-0.039713744,-0.01431883,-0.010507884,-0.05112533,0.038120106,0.032320768,-0.035103902,-0.08736012,0.029905029,0.07038666,0.038751494,0.015400839,-0.031131972,-0.046417348,-0.041535858,0.09809937,-0.013532492,0.022516526,0.030183101,-0.039702315,0.017838513,0.020530172,-0.02415553,-0.013083114,-0.018388214,0.047514983,0.057361983,0.04400955,-0.04396118,0.03633722,0.06774825,-0.08188335,-0.03775945,0.037736658,0.034750096,-0.04967677,0.012091491,0.031249313,0.00970656,5.4631422e-05,0.009845196,-0.008497313,0.0009376522,0.003721751,-0.0016908897,0.0,0.0067858454,0.0,-0.00068821333,0.00465454,0.0,0.003125551,0.0083880965,0.0,0.0068888273,0.002191062,-0.0036839913,0.0,0.0,0.00016222651,0.014102929,0.024683157,-0.004149465,0.00046839332,0.0014670661,0.0028493218,0.0,0.0013096306,0.0,-0.00034410667,0.0020837549,0.0,0.000617727,0.0018607172,0.0,0.0034444137,0.000365177,0.004085404,0.0,0.0,0.00032433326,0.0070514646,0.0061707892
MSKA,0.01379545,-0.000615486,0.098435424,0.039373115,0.025656044,0.1371781,-0.09438168,-0.086398624,0.08663994,0.22714493,-0.08391247,-0.17691335,-0.09245346,-0.023776632,0.06141735,0.12313256,0.088925,-0.23644029,0.017707659,-0.05640734,-0.091530986,0.10197264,-0.03936486,-0.02415553,0.05853069,0.027908273,0.034103822,-0.10122773,-0.1338159,-0.10228029,0.10210037,-0.09286645,-0.17479612,0.21647543,0.10556728,-0.105531335,-0.084318906,0.120827116,-0.010213533,-0.093388125,-0.024964608,-0.009911131,-0.027051935,0.028493293,-0.0022138369,-0.017097197,0.00623858,0.0,-0.021247491,0.0,0.0018693487,-0.02235486,0.0,-0.00819218,-0.020254273,0.0,-0.0210466,-0.0052746823,0.0064474684,0.0,0.0,-0.0003299891,-0.038940717,-0.06936366,0.013266206,-0.0011030843,-0.006433833,-0.0067687007,0.0,-0.0042188843,0.0,0.00093467435,-0.008743495,0.0,-0.0016210015,-0.004091457,0.0,-0.0105233,-0.0008791136,-0.00981848,0.0,0.0,-0.00066049164,-0.019470355,-0.017340915
MSKB1,0.0076723993,-0.00028413945,0.044934344,0.019969054,0.011964423,0.06278833,-0.045638375,-0.03958355,0.042178076,0.103193186,-0.037705008,-0.08151314,-0.04211486,-0.008472138,0.025223747,0.056834318,0.045754623,-0.114592165,0.008633468,-0.027369259,-0.036123727,0.047801245,-0.02327238,-0.013083114,0.027908273,0.01795312,0.01719945,-0.053350076,-0.062975556,-0.045423254,0.045333553,-0.043164473,-0.08429554,0.10371546,0.050364096,-0.050344456,-0.038560715,0.054838765,-0.005679207,-0.04198077,-0.011359523,-0.003084177,-0.013174035,0.011031174,-0.0011826872,-0.0046466663,0.0032171786,0.0,-0.008848859,0.0,0.0009958097,-0.0078364415,0.0,-0.0036571743,-0.00884055,0.0,-0.0107886,-0.0023775871,0.004347743,0.0,0.0,-0.00015289547,-0.019107165,-0.034128595,0.00491595,-0.00058946904,-0.0018669831,-0.0030672792,0.0,-0.0016714775,0.0,0.00049790484,-0.0032379113,0.0,-0.0007109114,-0.0016883884,0.0,-0.0053943,-0.0003962645,-0.0045195506,0.0,0.0,-0.0003060523,-0.009553582,-0.008532148
MSKB2,0.010351718,-0.00043024446,0.06387649,0.025966993,0.01668289,0.0894772,-0.06789456,-0.056218497,0.06324146,0.1440105,-0.052094676,-0.11219915,-0.060634106,-0.017104505,0.04208562,0.076690465,0.05927356,-0.15207048,0.012497033,-0.038420457,-0.05573604,0.06450423,-0.022982499,-0.018388214,0.034103822,0.01719945,0.028761609,-0.06944773,-0.087745585,-0.06582315,0.065703586,-0.0626469,-0.113717295,0.14306566,0.067500725,-0.06747745,-0.05398733,0.07846243,-0.013211333,-0.054331556,-0.015823143,-0.0039142445,-0.013601674,0.017330153,-0.0015031229,-0.008965167,0.005443685,0.0,-0.012553534,0.0,0.0013059719,-0.012893224,0.0,-0.0054087294,-0.013052828,0.0,-0.01661722,-0.003437729,0.0053188447,0.0,0.0,-0.00020967633,-0.028467279,-0.051208228,0.007978318,-0.00074908056,-0.0034820414,-0.004461718,0.0,-0.002365957,0.0,0.00065298594,-0.005156745,0.0,-0.0010644494,-0.002636995,0.0,-0.00830861,-0.00057295477,-0.0065609943,0.0,0.0,-0.00041963096,-0.014233638,-0.012802057
MSKC,-0.024405794,0.0011446159,-0.17631416,-0.07339837,-0.045753088,-0.24774323,0.18169835,0.15524364,-0.16799448,-0.40266988,0.1473527,0.31484607,0.16641825,0.04216051,-0.10996706,-0.21818037,-0.1661491,0.42857677,-0.03285892,0.10524256,0.15546374,-0.18217514,0.071747705,0.047514983,-0.10122773,-0.053350076,-0.06944773,0.19248168,0.24166259,0.18219517,-0.18187527,0.17108531,0.3195002,-0.39789027,-0.1909622,0.19088683,0.15054196,-0.21693873,0.026501507,0.16042374,0.044279363,0.013978042,0.04595842,-0.048363794,0.004199958,0.025853774,-0.013735512,0.0,0.036481954,0.0,-0.003469005,0.035986695,0.0,0.014705365,0.03593483,0.0,0.04320715,0.0094259055,-0.013630191,0.0,0.0,0.0005959257,0.07562128,0.13613088,-0.022299895,0.0020934502,0.009911734,0.012236524,0.0,0.0070871497,0.0,-0.0017345025,0.014362076,0.0,0.0028989934,0.007213303,0.0,0.021603575,0.0015709843,0.017709598,0.0,0.0,0.0011926229,0.03781064,0.03403272
MSKD,-0.03524838,0.0013636657,-0.23954953,-0.096561626,-0.06225485,-0.335705,0.23794268,0.21174984,-0.21916838,-0.5491976,0.20149922,0.42590013,0.22423734,0.060110416,-0.15047926,-0.29424477,-0.2113358,0.56525123,-0.040174965,0.1399392,0.22295156,-0.24510567,0.08710854,0.057361983,-0.1338159,-0.062975556,-0.087745585,0.24166259,0.3267446,0.24226287,-0.24179348,0.2279798,0.42403162,-0.5287745,-0.25749007,0.25739956,0.20163448,-0.29722095,0.03760706,0.22003087,0.061103947,0.023820758,0.058669705,-0.06834503,0.005488421,0.039695963,-0.01635186,0.0,0.048679065,0.0,-0.0047849067,0.054888856,0.0,0.02104381,0.04858864,0.0,0.05506088,0.013123509,-0.01796783,0.0,0.0,0.00076619163,0.09964413,0.1771988,-0.03155406,0.0027336725,0.015203574,0.016588667,0.0,0.009339207,0.0,-0.0023924534,0.021529889,0.0,0.00410055,0.009375558,0.0,0.02753044,0.0021872518,0.02461783,0.0,0.0,0.0015339107,0.049822073,0.04429971
MHHUUR,-0.021594115,0.0011752965,-0.17943476,-0.07021801,-0.046248987,-0.25344038,0.17579149,0.15831351,-0.16077998,-0.41164392,0.1520351,0.32077873,0.16969398,0.048510913,-0.11895884,-0.2222489,-0.16167767,0.4271747,-0.033219784,0.102797545,0.17227167,-0.18420431,0.06346081,0.04400955,-0.10228029,-0.045423254,-0.06582315,0.18219517,0.24226287,0.19572552,-0.19541276,0.17127964,0.3188406,-0.39587203,-0.18835804,0.1882995,0.15768237,-0.2240779,0.020624952,0.16854332,0.04561772,0.01762519,0.04783343,-0.053561088,0.0039463234,0.033696387,-0.013618841,0.0,0.04206387,0.0,-0.0024389818,0.040359024,0.0,0.0155290235,0.038932756,0.0,0.04098815,0.009598865,-0.009058998,0.0,0.0,0.0006042488,0.07343131,0.13130984,-0.025207844,0.0019658569,0.012425797,0.0126377335,0.0,0.008718907,0.0,-0.0012194909,0.015749905,0.0,0.0031163173,0.0085438555,0.0,0.020494075,0.0015998113,0.017778892,0.0,0.0,0.0012094877,0.036715657,0.032827463
MHKOOP,0.021438045,-0.0011735613,0.17908831,0.07006748,0.046144303,0.2529464,-0.1754674,-0.15799545,0.1604711,0.4108323,-0.151726,-0.32016188,-0.16938527,-0.048439242,0.11876722,0.22182408,0.1614036,-0.42637444,0.033197053,-0.10259572,-0.1719441,0.18385497,-0.06335073,-0.04396118,0.10210037,0.045333553,0.065703586,-0.18187527,-0.24179348,-0.19541276,0.19510199,-0.17097124,-0.31822583,0.39510244,0.18797152,-0.18791251,-0.15739734,0.22365755,-0.02059581,-0.16821064,-0.045517717,-0.0175726,-0.04778778,0.05349153,-0.003933484,-0.03364377,0.013595704,0.0,-0.041982893,0.0,0.0024301668,-0.040258385,0.0,-0.015499175,-0.038862076,0.0,-0.040903077,-0.009579911,0.009030908,0.0,0.0,-0.0006034585,-0.07327889,-0.13104844,0.025170982,-0.00195946,-0.012405459,-0.01261444,0.0,-0.008703185,0.0,0.0012150834,-0.015710933,0.0,-0.0031110817,-0.008531555,0.0,-0.020451538,-0.001596652,-0.017733837,0.0,0.0,-0.0012079031,-0.036639445,-0.03276211
MAUT1,-0.017668674,0.0010027083,-0.16878134,-0.07015605,-0.0424563,-0.24187696,0.1754178,0.15140346,-0.16216947,-0.38818192,0.14352441,0.30039266,0.15778975,0.039077487,-0.103203826,-0.20995013,-0.1496665,0.40095365,-0.02581363,0.100682884,0.16127804,-0.17521869,0.05873367,0.03633722,-0.09286645,-0.043164473,-0.0626469,0.17108531,0.2279798,0.17127964,-0.17097124,0.16768165,0.30477533,-0.38495135,-0.1851556,0.18507113,0.14141548,-0.20696832,0.022406057,0.15676947,0.042113997,0.017200243,0.044702712,-0.05050857,0.003792508,0.03092191,-0.01418307,0.0,0.033945233,0.0,-0.003056189,0.04052982,0.0,0.015050349,0.033965684,0.0,0.043257464,0.009181296,-0.011068257,0.0,0.0,0.00054931705,0.07431094,0.13452603,-0.023567172,0.0018886422,0.011648367,0.011677761,0.0,0.0065416195,0.0,-0.0015280945,0.015755443,0.0,0.0029613154,0.006695382,0.0,0.021628732,0.0015302162,0.017037153,0.0,0.0,0.0010997811,0.03715547,0.03363151
MAUT2,-0.03823208,0.0018470646,-0.315824,-0.13181177,-0.080015205,-0.44992876,0.3241214,0.281278,-0.30124584,-0.7268362,0.27237222,0.5618571,0.293177,0.07235995,-0.19212489,-0.3965238,-0.2780412,0.7532576,-0.0462252,0.18787691,0.30173358,-0.33157235,0.11258818,0.06774825,-0.17479612,-0.08429554,-0.113717295,0.3195002,0.42403162,0.3188406,-0.31822583,0.30477533,0.57775646,-0.7190041,-0.3496744,0.34956914,0.26702604,-0.3835765,0.032080866,0.29761878,0.07947228,0.0326656,0.08177089,-0.09586856,0.00719607,0.057336226,-0.026084742,0.0,0.067072906,0.0,-0.005125289,0.075811,0.0,0.027938608,0.06438457,0.0,0.079196766,0.016806426,-0.018625319,0.0,0.0,0.000997419,0.13690925,0.2481131,-0.044080216,0.00358337,0.021501632,0.021713492,0.0,0.013326279,0.0,-0.0025626444,0.029431764,0.0,0.005455685,0.012955956,0.0,0.039598383,0.0028010705,0.03141242,0.0,0.0,0.001997046,0.06845462,0.062028266
MAUT0,0.046764594,-0.0022906468,0.3933837,0.16533934,0.09948527,0.56373906,-0.40731332,-0.35252717,0.37846625,0.90639466,-0.3386676,-0.7002708,-0.36533895,-0.087845206,0.23679739,0.4933717,0.3467148,-0.93794155,0.056112405,-0.2351131,-0.37708098,0.41249976,-0.13827166,-0.08188335,0.21647543,0.10371546,0.14306566,-0.39789027,-0.5287745,-0.39587203,0.39510244,-0.38495135,-0.7190041,0.9009833,0.43650204,-0.4363538,-0.33071747,0.47811657,-0.042037945,-0.37007713,-0.0987605,-0.04124273,-0.10247714,0.1196452,-0.008936299,-0.072200276,0.033455677,0.0,-0.08178147,0.0,0.0066677495,-0.095676094,0.0,-0.034997065,-0.07943884,0.0,-0.10110579,-0.021051949,0.024016378,0.0,0.0,-0.001246701,-0.17322822,-0.31414956,0.055213146,-0.004449543,-0.02711238,-0.027061682,0.0,-0.016061505,0.0,0.0033338747,-0.03709308,0.0,-0.006838088,-0.015753904,0.0,-0.050552893,-0.0035086577,-0.0393986,0.0,0.0,-0.0024962593,-0.08661413,-0.078537375
MZFONDS,0.02451617,-0.0010876104,0.19236946,0.08068951,0.048931994,0.27349722,-0.19757815,-0.17201002,0.18438311,0.44461343,-0.16649613,-0.34255654,-0.17842099,-0.041650426,0.11424339,0.24136959,0.16476506,-0.45404872,0.025150822,-0.1149616,-0.1841836,0.2012291,-0.06755661,-0.03775945,0.10556728,0.050364096,0.067500725,-0.1909622,-0.25749007,-0.18835804,0.18797152,-0.1851556,-0.3496744,0.43650204,0.21626855,-0.2162038,-0.15975472,0.23447222,-0.021496799,-0.18177752,-0.048757747,-0.021833241,-0.047771372,0.058651984,-0.004442927,-0.03435645,0.01514437,0.0,-0.03992305,0.0,0.003568617,-0.047780126,0.0,-0.017362282,-0.03851184,0.0,-0.04799174,-0.0102422815,0.012996566,0.0,0.0,-0.0006085367,-0.08364064,-0.15133034,0.026802883,-0.0022126879,-0.013039305,-0.013164389,0.0,-0.0077042175,0.0,0.0017843085,-0.018502813,0.0,-0.003367882,-0.0072837668,0.0,-0.02399587,-0.0017070469,-0.019405587,0.0,0.0,-0.001218356,-0.04182032,-0.037832584
MZPART,-0.024561174,0.0010869809,-0.19231032,-0.080661476,-0.048924733,-0.27340773,0.19749218,0.1719584,-0.18431304,-0.44448766,0.1664605,0.34245035,0.17835894,0.04163892,-0.11421535,-0.2412997,-0.16469449,0.45390135,-0.025132496,0.1149193,0.18414243,-0.20116852,0.06752323,0.037736658,-0.105531335,-0.050344456,-0.06747745,0.19088683,0.25739956,0.1882995,-0.18791251,0.18507113,0.34956914,-0.4363538,-0.2162038,0.21613991,0.15971155,-0.23438637,0.021455849,0.18173067,0.048750095,0.02183298,0.04773018,-0.05863033,0.0044439696,0.034346975,-0.015137265,0.0,0.039924316,0.0,-0.0035658448,0.047777385,0.0,0.017355433,0.038510457,0.0,0.04796997,0.010237839,-0.012983662,0.0,0.0,0.00060807075,0.08360929,0.15126827,-0.026800515,0.0022132103,0.01303505,0.013161356,0.0,0.007705712,0.0,-0.0017829224,0.018501125,0.0,0.0033662731,0.007284438,0.0,0.023984985,0.0017063068,0.019407103,0.0,0.0,0.0012174235,0.041804645,0.037817065
MINKM30,-0.020676257,0.0009379349,-0.14978163,-0.059397,-0.038848743,-0.21112606,0.1473685,0.13228914,-0.1355123,-0.34354502,0.12752184,0.2667574,0.14082097,0.038622655,-0.096716665,-0.18530592,-0.13250905,0.35478723,-0.025248753,0.08674853,0.14252345,-0.15411171,0.053387087,0.034750096,-0.084318906,-0.038560715,-0.05398733,0.15054196,0.20163448,0.15768237,-0.15739734,0.14141548,0.26702604,-0.33071747,-0.15975472,0.15971155,0.13054945,-0.18614209,0.017265437,0.14040908,0.038301207,0.014971152,0.037541155,-0.044531543,0.003342125,0.0270976,-0.011076819,0.0,0.034148198,0.0,-0.0023560945,0.034507092,0.0,0.013011303,0.03154849,0.0,0.03461855,0.007953552,-0.008623115,0.0,0.0,0.00050364627,0.06183257,0.1105196,-0.020644719,0.0016652908,0.010088202,0.010382093,0.0,0.0069490247,0.0,-0.0011780473,0.013443952,0.0,0.0025866418,0.006559433,0.0,0.017309275,0.0013255916,0.014947694,0.0,0.0,0.0010079967,0.030916281,0.027629904
MINK3045,0.029843511,-0.0012087015,0.21900767,0.08669274,0.056940123,0.30779305,-0.21664558,-0.19488283,0.19858614,0.5027422,-0.18331826,-0.39032528,-0.20676294,-0.056328002,0.1403217,0.2670019,0.18998104,-0.5105555,0.035268202,-0.12749293,-0.20607904,0.22106718,-0.07624407,-0.04967677,0.120827116,0.054838765,0.07846243,-0.21693873,-0.29722095,-0.2240779,0.22365755,-0.20696832,-0.3835765,0.47811657,0.23447222,-0.23438637,-0.18614209,0.28071114,-0.039958525,-0.20266886,-0.056965224,-0.024431635,-0.051938392,0.06228805,-0.005101253,-0.035921354,0.0145760225,0.0,-0.048236407,0.0,0.0041289073,-0.049577318,0.0,-0.020124748,-0.045253236,0.0,-0.049783252,-0.011975205,0.017075358,0.0,0.0,-0.00069319736,-0.0910726,-0.16105418,0.028885163,-0.0025422,-0.013770447,-0.015371317,0.0,-0.009366912,0.0,0.0020644537,-0.019497775,0.0,-0.003934272,-0.008708084,0.0,-0.024891626,-0.001995868,-0.022863196,0.0,0.0,-0.0013873739,-0.045536302,-0.040263545
MINK4575,-0.0025327771,5.5984332e-05,-0.023707317,-0.007937573,-0.0062581063,-0.029082568,0.026779693,0.019691005,-0.022758543,-0.049442362,0.012809534,0.0397027,0.024933783,0.01099704,-0.019634364,-0.02078255,-0.021462154,0.047793478,-0.00818657,0.014813353,0.012267916,-0.01715085,0.009653376,0.012091491,-0.010213533,-0.005679207,-0.013211333,0.026501507,0.03760706,0.020624952,-0.02059581,0.022406057,0.032080866,-0.042037945,-0.021496799,0.021455849,0.017265437,-0.039958525,0.028228164,0.010751619,0.0065823137,7.006696e-05,0.0010907801,-0.00072753243,0.0008054645,-0.003396025,0.00053627946,0.0,0.0005708347,0.0,-0.0013530445,0.00030057394,0.0,0.0029469188,0.004007275,0.0,0.0039682975,0.0017380781,-0.007878824,0.0,0.0,7.823906e-05,0.009865908,0.01519691,-0.00037532902,0.00040292434,-0.0007110837,0.0018803567,0.0,-0.0004967013,0.0,-0.00067652226,0.00057756255,0.0,0.00055319286,6.0479655e-05,0.0,0.0019841488,0.00028967968,0.0034109377,0.0,0.0,0.0001563167,0.0049329526,0.0037992278
MINK7512,-0.022696529,0.000904745,-0.16514304,-0.06738883,-0.042651337,-0.2355653,0.16122438,0.14848731,-0.14967833,-0.38379383,0.14437273,0.29643694,0.15285125,0.03754431,-0.10013692,-0.20856123,-0.14181995,0.39109436,-0.0218792,0.095760375,0.16380803,-0.17288929,0.05625005,0.031249313,-0.093388125,-0.04198077,-0.054331556,0.16042374,0.22003087,0.16854332,-0.16821064,0.15676947,0.29761878,-0.37007713,-0.18177752,0.18173067,0.14040908,-0.20266886,0.010751619,0.16269274,0.04258872,0.021315372,0.043390617,-0.05170399,0.0036643737,0.032900535,-0.012558234,0.0,0.039018594,0.0,-0.0025613233,0.042218912,0.0,0.014585795,0.034389425,0.0,0.038801048,0.008765925,-0.008490757,0.0,0.0,0.0005260636,0.06896618,0.123942636,-0.023907896,0.001823948,0.012201175,0.011380338,0.0,0.00794928,0.0,-0.0012806617,0.016212111,0.0,0.0028347657,0.0070299525,0.0,0.019400524,0.0014609877,0.016614359,0.0,0.0,0.0010533708,0.03448309,0.030985655
MINK123M,-0.008696114,0.0002168584,-0.045179147,-0.01812074,-0.01218739,-0.063495226,0.04399823,0.040420473,-0.040734243,-0.10439379,0.038492303,0.080735706,0.042233784,0.011504334,-0.028601937,-0.055324197,-0.038734846,0.10543787,-0.006605771,0.02632347,0.042821117,-0.04561226,0.015120552,0.00970656,-0.024964608,-0.011359523,-0.015823143,0.044279363,0.061103947,0.04561772,-0.045517717,0.042113997,0.07947228,-0.0987605,-0.048757747,0.048750095,0.038301207,-0.056965224,0.0065823137,0.04258872,0.01216654,0.0054396186,0.0100679165,-0.013112578,0.0010565063,0.0075106844,-0.0029750583,0.0,0.010209126,0.0,-0.00093408115,0.0106981285,0.0,0.003949295,0.009553233,0.0,0.010271911,0.0024614267,-0.0033771568,0.0,0.0,0.00013170618,0.018872373,0.03325074,-0.0059874025,0.00052606914,0.0028762787,0.0031805937,0.0,0.0020056234,0.0,-0.00046704058,0.004175378,0.0,0.00075630605,0.0018116246,0.0,0.0051359553,0.00041023773,0.0048274156,0.0,0.0,0.0002637238,0.009436188,0.008312686
