,customer_subtype,number_of_houses,avg_household_size,avg_age_group,customer_main_type,pct_roman_catholic,pct_protestant,pct_other_religion,pct_no_religion,pct_married,pct_living_together,pct_other_relationship,pct_singles,pct_households_without_children,pct_households_with_children,pct_high_education,pct_medium_education,pct_low_education,pct_high_status,pct_entrepreneurs,pct_farmers,pct_middle_management,pct_skilled_labourers,pct_unskilled_labourers,pct_social_class_a,pct_social_class_b1,pct_social_class_b2,pct_social_class_c,pct_social_class_d,pct_rented_house,pct_home_owners,pct_one_car,pct_two_cars,pct_no_car,pct_national_health_service,pct_private_health_insurance,pct_income_under_30k,pct_income_30k_to_45k,pct_income_45k_to_75k,pct_income_75k_to_122k,pct_income_over_123k,avg_income_group,purchasing_power_class,contribution_private_third_party_insurance,contribution_firm_third_party_insurance,contribution_agriculture_third_party_insurance,contribution_car_policies,contribution_delivery_van_policies,contribution_motorcycle_scooter_policies,contribution_lorry_policies,contribution_trailer_policies,contribution_tractor_policies,contribution_agricultural_machine_policies,contribution_moped_policies,contribution_life_insurance,contribution_private_accident_insurance,contribution_family_accident_insurance,contribution_disability_insurance,contribution_fire_policies,contribution_surfboard_policies,contribution_boat_policies,contribution_bicycle_policies,contribution_property_insurance,contribution_social_security_insurance,num_private_third_party_insurance,num_firm_third_party_insurance,num_agriculture_third_party_insurance,num_car_policies,num_delivery_van_policies,num_motorcycle_scooter_policies,num_lorry_policies,num_trailer_policies,num_tractor_policies,num_agricultural_machine_policies,num_moped_policies,num_life_insurance,num_private_accident_insurance,num_family_accident_insurance,num_disability_insurance,num_fire_policies,num_surfboard_policies,num_boat_policies,num_bicycle_policies,num_property_insurance,num_social_security_insurance
customer_subtype,0.27410555,-0.010071789,-0.0989885,0.037449386,0.06564439,0.14258617,-0.118373916,0.075872295,-0.0016201616,0.08894086,0.12181358,-0.13507782,0.044449884,0.082583174,-0.20815012,0.005833162,0.03101088,0.046368875,-0.09069607,0.042938095,-0.058424518,0.15131946,-0.13851593,0.06311581,-0.0031218813,-0.05746002,0.008672931,0.049614187,-0.0736533,-0.101387344,0.09910907,0.009835625,0.08016419,0.02741485,0.015947223,-0.017582148,0.15417017,0.008815633,-0.049835045,0.06925604,-0.0011261905,-0.09647924,0.0976818,0.03535235,0.0,-0.0008991663,-0.021188788,0.001141638,-0.054195374,0.0,-0.0036685828,-0.01560072,7.575712e-05,-0.020833712,-0.081401624,0.0,0.00828831,-0.006126147,0.057687934,-0.00045645027,0.0,-0.03962416,-0.014191999,0.0004348192,0.010630453,0.0,-0.0002997221,-0.0033775878,0.00019027301,-0.01037791,0.0,-0.001993622,-0.004505266,1.893928e-05,-0.007197111,-0.03413758,0.0,0.004144155,-0.0010210244,-0.054086942,-0.0004564503,0.0,-0.063335836,-0.009455639,0.000108704815
number_of_houses,-0.010071789,0.024347838,-0.018713035,0.008166344,0.030146604,0.056569066,-0.018344864,0.059059463,-0.03334172,-0.13380198,0.019623177,0.12012396,0.019471984,0.080503285,-0.010026397,0.012950254,-0.035096742,-0.02572247,0.10710799,0.049723975,-0.013161794,-0.041818544,0.07807855,-0.09267852,-0.039599296,0.12208476,0.12940188,-0.124726795,0.008297621,-0.010805306,0.017942352,-0.004393288,-0.018070444,-0.0070695663,-0.00059641,0.005585167,-0.010643821,0.0809131,-0.034309536,0.085570686,-0.040099006,-0.0060139666,-0.028657671,-0.053873904,0.0,0.00010969719,0.013978788,-0.003253343,0.083517335,0.0,0.00045428547,0.0023718635,-1.6187423e-05,0.0030759722,0.011202202,0.0,-0.03781314,0.00092645513,-0.010410931,0.0012934997,0.0,0.0155112315,0.024192842,-5.6371828e-05,-0.025948802,0.0,3.6565732e-05,0.0025576088,-0.00054222374,0.014928778,0.0,0.00024744906,0.0006743076,-4.046856e-06,0.0010382601,0.0007658213,0.0,-0.01890657,0.00015440918,0.06709502,0.0012934996,0.0,0.018362582,0.017616551,-1.4092956e-05
avg_household_size,-0.0989885,-0.018713035,0.16617185,-0.064870074,-0.08392366,-0.22905825,0.18101966,-0.19898455,0.0437348,0.10154501,-0.16856822,-0.019918755,-0.11457931,-0.21073864,0.29341343,-0.014890018,0.035427555,-0.04104746,-0.02883427,-0.11396432,0.095731944,-0.10566765,0.014604951,0.07226266,0.074743085,-0.087436214,-0.23973705,0.13451159,0.07525942,0.104550816,-0.11188438,0.0049502198,-0.056607418,-0.04360383,-0.0012201541,-0.0037173203,-0.1977269,-0.12876941,0.1170773,-0.18913224,0.06775149,0.13220155,-0.0791251,0.040262163,0.0,0.0009817041,0.0101336,0.0035544483,-0.04322242,0.0,0.0040140725,0.0197788,-9.434129e-05,0.015907373,0.018942233,0.0,0.036638007,0.00659597,-0.1752843,-0.0015957698,0.0,0.02916842,-0.022103624,-0.00039655867,0.027073676,0.0,0.0003272347,0.0012388945,0.0005924081,-0.007403574,0.0,0.0021824462,0.0058882115,-2.3585322e-05,0.005561373,0.023302931,0.0,0.018319003,0.0010993284,-0.07745454,-0.0015957698,0.0,0.055383258,-0.017671091,-9.913965e-05
avg_age_group,0.037449386,0.008166344,-0.064870074,0.041589644,0.033401787,0.09363869,-0.067018986,0.08194025,-0.024221439,-0.042236373,0.07256975,0.005370439,0.042128433,0.08483936,-0.117615506,0.0023680811,-0.011440124,0.01399579,0.0143986065,0.047708545,-0.04137484,0.04565112,-0.02191267,-0.01734375,-0.02484942,0.034658954,0.09283345,-0.053631295,-0.032338753,-0.038832083,0.04241142,0.00044580488,0.016917767,0.020712737,0.009186151,-0.006407586,0.08087922,0.056693356,-0.045021553,0.07131659,-0.025378035,-0.05740211,0.023001155,-0.029143678,0.0,-0.00041124184,-0.0041417014,-0.0013577671,0.021662472,0.0,-0.0017033517,-0.008341011,4.159744e-05,-0.0059660776,-0.016766014,0.0,-0.015118987,-0.002678433,0.060798652,0.00061785744,0.0,-0.0124323405,0.0095886,0.00014466388,-0.01742077,0.0,-0.00013708063,-0.0004921559,-0.00022629453,0.0037150753,0.0,-0.00092541595,-0.0024508121,1.039936e-05,-0.0020928013,-0.011787955,0.0,-0.0075594936,-0.0004464055,0.029326838,0.00061785744,0.0,-0.02360119,0.007308036,3.6165966e-05
customer_main_type,0.06564439,0.030146604,-0.08392366,0.033401787,0.08183891,0.17681378,-0.097275734,0.13515018,-0.04615511,-0.17249641,0.10240213,0.11678283,0.054344337,0.17468883,-0.13230224,0.025498824,-0.020227138,-0.041439187,0.107213296,0.112802595,-0.05009073,0.016695742,0.046330564,-0.10776291,-0.070894815,0.17803738,0.20841296,-0.16637158,-0.021588724,-0.03317148,0.04353164,-0.014990694,0.017756063,0.013537743,0.019643867,-0.01275845,0.102378674,0.12316709,-0.087944426,0.17041437,-0.064095534,-0.06450878,0.007310489,-0.0935302,0.0,-0.00036644182,0.0095353015,-0.0046493765,0.10784369,0.0,-0.0014517971,-0.006191831,2.3049222e-05,-0.006137308,-0.03697452,0.0,-0.050753158,-0.0022783421,0.03552366,0.0017354361,0.0,0.0014902634,0.036748804,0.00015113877,-0.049315426,0.0,-0.00012214728,0.0020806526,-0.00077489595,0.01884552,0.0,-0.00078985334,-0.0018420586,5.7623056e-06,-0.0021704093,-0.022841329,0.0,-0.025376579,-0.00037972367,0.0873731,0.0017354361,0.0,-0.008467973,0.02618409,3.7784685e-05
pct_roman_catholic,0.14258617,0.056569066,-0.22905825,0.09363869,0.17681378,0.52573854,-0.28430778,0.3019418,-0.10575,-0.34747568,0.28115958,0.20465374,0.1470411,0.4139519,-0.3917101,0.06312432,0.008040735,-0.11987875,0.17902091,0.2886716,-0.13535258,0.122076645,0.03616597,-0.23122579,-0.16151771,0.38953283,0.46472934,-0.3498834,-0.06513895,-0.0796492,0.10109214,-0.006632375,0.05599562,0.03699507,0.03697076,-0.023241417,0.3385533,0.24215186,-0.20332436,0.39274007,-0.13796468,-0.18500298,0.065329544,-0.2063123,0.0,-0.0013290194,0.010691323,-0.00910786,0.21357794,0.0,-0.0054607936,-0.021213012,0.00010818437,-0.021320535,-0.0979944,0.0,-0.09508399,-0.008673438,0.10468414,0.0028714368,0.0,-0.016133543,0.07361886,0.0005941417,-0.111802995,0.0,-0.0004430064,0.002950363,-0.0015179766,0.036845084,0.0,-0.0029654235,-0.0061535463,2.7046093e-05,-0.007507471,-0.060415566,0.0,-0.047541995,-0.001445573,0.17187828,0.002871437,0.0,-0.04948396,0.051518735,0.00014853546
pct_protestant,-0.118373916,-0.018344864,0.18101966,-0.067018986,-0.097275734,-0.28430778,0.32817808,-0.24479976,-0.032334864,0.104305215,-0.20482574,-0.004769412,-0.1430035,-0.18785559,0.3146414,-0.027576683,0.022878386,-0.038867626,-0.004508994,-0.115319386,0.11975047,-0.14279853,0.034787755,0.061786193,0.09138986,-0.10148696,-0.23480992,0.12629475,0.099058025,0.14283182,-0.1471014,-0.014536143,-0.05122896,-0.055628493,0.0017200245,-0.0033741707,-0.24424034,-0.13990143,0.13862917,-0.20300615,0.06993295,0.15617827,-0.13860874,0.04293469,0.0,0.0011868501,0.016824547,0.0036470848,-0.02560352,0.0,0.004824817,0.020581162,-0.00010137241,0.022136413,-0.031508632,0.0,0.028929101,0.007848535,-0.21441075,-0.0015003188,0.0,0.036225177,-0.022848664,-0.0004977598,0.029473124,0.0,0.00039561675,0.002353646,0.00060784747,-0.0042987326,0.0,0.0026228882,0.0060336534,-2.5343103e-05,0.007697928,0.015907064,0.0,0.014464551,0.0013080895,-0.07376494,-0.0015003185,0.0,0.067198396,-0.018691137,-0.00012443995
pct_other_religion,0.075872295,0.059059463,-0.19898455,0.08194025,0.13515018,0.3019418,-0.24479976,0.36601844,-0.10723954,-0.32734603,0.21895882,0.20845222,0.16106635,0.32318678,-0.30458862,0.043497078,-0.14278528,0.054830573,0.21444754,0.18004687,-0.13856135,0.04456706,0.123513505,-0.21652946,-0.15748411,0.27122676,0.46087557,-0.3320412,-0.06781793,-0.18143961,0.20012154,-0.0075813453,0.029518284,0.036428817,0.003248603,0.009977244,0.16301,0.30095625,-0.19229892,0.33774868,-0.1391326,-0.15804434,0.041111555,-0.101236075,0.0,-0.0008377814,0.010780865,-0.009566417,0.17698823,0.0,-0.003441255,-0.01771903,7.170494e-05,-0.011923358,0.0050569726,0.0,-0.09785077,-0.00544562,0.21519442,0.0041295104,0.0,-0.006206938,0.06032488,0.0003348922,-0.056400996,0.0,-0.0002792605,0.0026379018,-0.0015944027,0.031534713,0.0,-0.0018692211,-0.005415016,1.7926235e-05,-0.00423308,-0.021185828,0.0,-0.048925385,-0.0009076034,0.1975441,0.0041295113,0.0,-0.031304054,0.04705544,8.372306e-05
pct_no_religion,-0.0016201616,-0.03334172,0.0437348,-0.024221439,-0.04615511,-0.10575,-0.032334864,-0.10723954,0.1555717,0.18919802,-0.043119475,-0.16706653,-0.024334349,-0.12666035,0.026023213,-0.0012969573,0.091001175,-0.030033678,-0.15205929,-0.08193517,0.033749394,0.039403196,-0.10813174,0.11899364,0.07640866,-0.15806197,-0.22919439,0.19294105,-0.008702772,0.05899027,-0.07216482,-0.0091897175,0.015337997,0.02239132,0.015072525,-0.025624378,0.038874384,-0.15894093,0.07100389,-0.15170349,0.067470126,0.027524242,0.070995875,0.060639266,0.0,-2.9495053e-05,-0.0208136,0.004690238,-0.12798432,0.0,-7.647512e-05,-0.0004181326,3.2237108e-06,-0.0040914346,0.0418496,0.0,0.06265056,-0.00022601875,-0.008956616,-0.0017757318,0.0,-0.016465738,-0.03218311,-1.2492321e-06,0.030033864,0.0,-9.831681e-06,-0.0039162585,0.0007817063,-0.022822583,0.0,-4.3556356e-05,-5.7401136e-05,8.059277e-07,-0.0013433476,0.011859834,0.0,0.03132528,-3.7669786e-05,-0.1055107,-0.0017757323,0.0,-0.016785067,-0.02359886,-3.1230735e-07
pct_married,0.08894086,-0.13380198,0.10154501,-0.042236373,-0.17249641,-0.34747568,0.104305215,-0.32734603,0.18919802,0.8383231,-0.12435521,-0.7530205,-0.101548105,-0.4753929,0.048517104,-0.06717114,0.15838885,0.19806086,-0.5945088,-0.30848262,0.06741635,0.23285072,-0.43649313,0.51520455,0.24426886,-0.7418651,-0.76429546,0.7452721,-0.06355029,0.014541275,-0.056729153,0.030352088,0.12743314,0.02233119,-0.0055426997,-0.0237938,0.041670106,-0.4440411,0.18547834,-0.50424594,0.23012567,0.020190274,0.17644268,0.32644418,0.0,-0.0006374249,-0.082201995,0.01907739,-0.48535013,0.0,-0.0024409236,-0.013949342,8.8332854e-05,-0.019383378,-0.023169385,0.0,0.21237755,-0.0047656205,0.076952524,-0.007230114,0.0,-0.09158682,-0.1451628,0.00029365183,0.15657541,0.0,-0.00021247496,-0.015039198,0.0031795653,-0.08669579,0.0,-0.0013377408,-0.0039620455,2.2083213e-05,-0.0065307766,0.011220557,0.0,0.106188774,-0.0007942701,-0.38657036,-0.0072301133,0.0,-0.11026149,-0.104535505,7.341297e-05
pct_living_together,0.12181358,0.019623177,-0.16856822,0.07256975,0.10240213,0.28115958,-0.20482574,0.21895882,-0.043119475,-0.12435521,0.23131278,0.0045566335,0.1091796,0.23681884,-0.32665977,0.03245273,-0.009174437,0.0066597825,0.020777296,0.14072256,-0.10567807,0.14318238,-0.053150807,-0.05095543,-0.07842457,0.10970258,0.22282027,-0.12202051,-0.07328389,-0.10155109,0.110135384,-0.003766689,0.077217124,0.044894405,0.031793967,-0.026062043,0.24833703,0.12829755,-0.12771636,0.21513116,-0.061200682,-0.15110886,0.09216741,-0.062100627,0.0,-0.0011919539,-0.011392256,-0.003620651,0.05528142,0.0,-0.004897352,-0.022110742,0.00011172293,-0.021447657,-0.06725916,0.0,-0.03482037,-0.008082954,0.1656422,0.0014513596,0.0,-0.037701126,0.027085809,0.0005114739,-0.039569158,0.0,-0.00039731798,-0.0013326724,-0.00060344185,0.009141373,0.0,-0.0026613006,-0.0065971534,2.7930733e-05,-0.007484236,-0.043474898,0.0,-0.017410185,-0.0013471589,0.06497742,0.0014513596,0.0,-0.07155317,0.020154446,0.00012786848
pct_other_relationship,-0.13507782,0.12012396,-0.019918755,0.005370439,0.11678283,0.20465374,-0.004769412,0.20845222,-0.16706653,-0.7530205,0.0045566335,0.74978566,0.050627563,0.3349521,0.117555656,0.036662955,-0.14822331,-0.1843882,0.5618202,0.23680256,-0.015954537,-0.28946602,0.4596494,-0.47527277,-0.19575031,0.6600813,0.6610535,-0.6914046,0.09334273,-0.009441192,0.046171796,-0.021611262,-0.1666433,-0.03748835,-0.020999897,0.04685269,-0.17632037,0.37898877,-0.11715411,0.39940494,-0.19544901,0.05211026,-0.21182713,-0.27692312,0.0,0.0011901397,0.08496583,-0.016822182,0.43889457,0.0,0.00460976,0.024479283,-0.0001409434,0.027220786,0.07335354,0.0,-0.1943209,0.00839269,-0.14700258,0.006375855,0.0,0.10793884,0.12589349,-0.0005025817,-0.12807976,0.0,0.00039671332,0.015198325,-0.0028036966,0.07880034,0.0,0.0025208544,0.0071282894,-3.523585e-05,0.009286426,0.01606446,0.0,-0.09716045,0.0013987815,0.34618962,0.0063758558,0.0,0.14476973,0.09086049,-0.00012564543
pct_singles,0.044449884,0.019471984,-0.11457931,0.042128433,0.054344337,0.1470411,-0.1430035,0.16106635,-0.024334349,-0.101548105,0.1091796,0.050627563,0.1445885,0.12817878,-0.21203217,0.0014441675,-0.059300695,0.060495306,0.06660132,0.07573328,-0.06869332,0.034893375,0.056351617,-0.10982131,-0.05577017,0.07011733,0.2003212,-0.13069128,-0.0378476,-0.118608594,0.12201856,-0.0054316944,0.033333723,0.03214972,-0.012692985,0.014776837,0.1083834,0.12927227,-0.08653874,0.1244743,-0.061424516,-0.09730999,0.059419557,0.013922654,0.0,-0.00058689434,-0.008875678,-0.0028248585,0.029888112,0.0,-0.0023727168,-0.009785515,4.8018574e-05,-0.009198158,0.060653023,0.0,-0.031059576,-0.0038037866,0.19325604,0.0014919785,0.0,-0.015938656,0.013957083,0.00023416005,0.0028574606,0.0,-0.00019563145,-0.0013326713,-0.00047080987,0.0055321855,0.0,-0.0012901766,-0.0029044133,1.2004643e-05,-0.0032089367,0.0075920816,0.0,-0.015529788,-0.0006339645,0.08817139,0.0014919784,0.0,-0.031906527,0.013365389,5.8540016e-05
pct_households_without_children,0.082583174,0.080503285,-0.21073864,0.08483936,0.17468883,0.4139519,-0.18785559,0.32318678,-0.12666035,-0.4753929,0.23681884,0.3349521,0.12817878,0.5776258,-0.41660726,0.10093344,-0.059381984,-0.17009307,0.3329777,0.28523633,-0.100630835,-0.013055711,0.15856521,-0.3426838,-0.16357504,0.48291948,0.5480509,-0.4677561,-0.016792588,-0.02267865,0.052663095,-0.029996611,0.0031503215,0.034358718,0.04762717,-0.027194064,0.25102532,0.26109394,-0.17807166,0.43696302,-0.16125174,-0.11982457,-0.0004158151,-0.22507666,0.0,-0.00072050764,0.032105587,-0.012404385,0.2908712,0.0,-0.0032435474,-0.012876414,6.4343214e-05,-0.008011401,-0.09976193,0.0,-0.124606326,-0.0048993467,0.045863297,0.0047722566,0.0,0.017672813,0.09375704,0.00033942627,-0.11727951,0.0,-0.0002401692,0.006519478,-0.0020673976,0.050960198,0.0,-0.0017499008,-0.0038488242,1.6085804e-05,-0.0029189258,-0.061766855,0.0,-0.062303163,-0.0008165577,0.22474045,0.0047722566,0.0,0.00037250933,0.0675295,8.4856576e-05
pct_households_with_children,-0.20815012,-0.010026397,0.29341343,-0.117615506,-0.13230224,-0.3917101,0.3146414,-0.30458862,0.026023213,0.048517104,-0.32665977,0.117555656,-0.21203217,-0.41660726,0.66112626,-0.05374267,-0.008250614,-0.020419827,0.036936056,-0.18321228,0.14947434,-0.23593384,0.13769124,0.061946496,0.06840624,-0.060124,-0.26094496,0.10315868,0.12512557,0.1344792,-0.14095834,0.018439563,-0.13977869,-0.10339549,-0.038881138,0.035120126,-0.4575261,-0.10840023,0.16621558,-0.26521632,0.07475146,0.24306767,-0.19730927,0.009277498,0.0,0.0020993862,0.03773094,0.0026221124,0.008769302,0.0,0.008720265,0.04000287,-0.00020971877,0.03582315,0.09760749,0.0,0.017391488,0.014384459,-0.31714743,-0.0014244603,0.0,0.07544298,-0.015477348,-0.00090433523,0.019924551,0.0,0.0006997953,0.005745165,0.00043701872,0.0025812872,0.0,0.004736244,0.011858155,-5.2429692e-05,0.012470774,0.064943336,0.0,0.008695744,0.0023974096,-0.04981601,-0.0014244606,0.0,0.13191915,-0.013777434,-0.0002260838
pct_high_education,0.005833162,0.012950254,-0.014890018,0.0023680811,0.025498824,0.06312432,-0.027576683,0.043497078,-0.0012969573,-0.06717114,0.03245273,0.036662955,0.0014441675,0.10093344,-0.05374267,0.0884303,-0.019057402,-0.088812724,0.08689349,0.043275893,-0.006698223,-0.024470182,0.013847413,-0.07241776,-0.010435695,0.08220306,0.05296511,-0.051016714,0.009995307,0.042397212,-0.037100736,-0.0025484527,0.0012998024,-0.0104535185,0.018716069,-0.015330724,0.064713836,0.003216205,-0.027849603,0.06312247,-0.011631984,-0.0006075837,0.009267238,-0.04553068,0.0,-6.4922686e-05,0.007714829,-0.0017101716,0.05236348,0.0,-0.00014881829,-0.0013304563,2.320697e-06,-0.00028420796,-0.02907418,0.0,-0.00812004,-0.0001591466,-0.028399842,0.000565829,0.0,0.0049288194,0.013121614,1.4984653e-05,-0.02336961,0.0,-2.1640892e-05,0.0014683097,-0.0002850286,0.009088511,0.0,-8.551969e-05,-0.00046932345,5.8017423e-07,-0.000116577336,-0.018423509,0.0,-0.00406002,-2.6524447e-05,0.017737966,0.000565829,0.0,0.0016887963,0.008642998,3.7461623e-06
pct_medium_education,0.03101088,-0.035096742,0.035427555,-0.011440124,-0.020227138,0.008040735,0.022878386,-0.14278528,0.091001175,0.15838885,-0.009174437,-0.14822331,-0.059300695,-0.059381984,-0.008250614,-0.019057402,0.24550153,-0.1837992,-0.16944133,-0.008592284,0.044438537,0.09307649,-0.17108645,0.1253337,0.08178652,-0.06646229,-0.23679098,0.17319955,-0.0016877921,0.11691769,-0.1264221,-0.018618433,0.041340426,0.0146820685,0.06447775,-0.07263638,0.13152735,-0.1781947,0.06920091,-0.12017441,0.066161536,0.01664819,0.040322732,-0.029153302,0.0,-0.00026822323,-0.015199766,0.004643362,-0.07217824,0.0,-0.0012978996,-0.002333792,2.3075936e-05,-0.0073979707,-0.11377023,0.0,0.050546944,-0.0021694412,-0.1416274,-0.0023204528,0.0,-0.017880848,-0.020380335,0.00017563073,-0.016086666,0.0,-8.940773e-05,-0.002657741,0.00077389367,-0.013987077,0.0,-0.0006965383,-0.0004692265,5.768984e-06,-0.002538715,-0.035400204,0.0,0.025273472,-0.0003615735,-0.12942229,-0.0023204528,0.0,-0.021231305,-0.018572373,4.3907676e-05
pct_low_education,0.046368875,-0.02572247,-0.04104746,0.01399579,-0.041439187,-0.11987875,-0.038867626,0.054830573,-0.030033678,0.19806086,0.0066597825,-0.1843882,0.060495306,-0.17009307,-0.020419827,-0.088812724,-0.1837992,0.40472636,-0.16510741,-0.12682988,-0.062552914,0.07948085,-0.043646906,0.17681706,-0.01319065,-0.29437944,-0.04427133,0.14007737,-0.06913248,-0.20692764,0.19709073,0.03715192,0.039104916,0.014561885,-0.087090656,0.08240207,-0.12798724,0.061777033,-0.01819682,-0.0726875,0.019485118,-0.05702411,0.0658085,0.21053964,0.0,-0.00036518715,-0.03002657,0.003368091,-0.17059013,0.0,-0.0013800415,-0.010838196,4.964916e-05,-0.0073906826,0.1276628,0.0,0.03293229,-0.0025509575,0.27829564,-0.0005635609,0.0,-0.037060633,-0.045571536,0.00013076222,0.10203251,0.0,-0.00012172907,-0.005419439,0.00056134857,-0.029191796,0.0,-0.00075709156,-0.0033520786,1.241229e-05,-0.00252136,0.047263168,0.0,0.016466144,-0.00042515955,-0.024118476,-0.00056356087,0.0,-0.04876598,-0.026946796,3.2690554e-05
pct_high_status,-0.09069607,0.10710799,-0.02883427,0.0143986065,0.107213296,0.17902091,-0.004508994,0.21444754,-0.15205929,-0.5945088,0.020777296,0.5618202,0.06660132,0.3329777,0.036936056,0.08689349,-0.16944133,-0.16510741,0.58975965,0.19923362,-0.020297471,-0.2982968,0.39953822,-0.47492936,-0.12580112,0.5388988,0.5497058,-0.5676306,0.076116316,-0.02913852,0.06112319,0.0025253247,-0.11537153,-0.07241373,-0.019261934,0.041580074,-0.12714933,0.3279369,-0.11031868,0.3368455,-0.16873384,0.031449523,-0.15812126,-0.23817775,0.0,0.0009806168,0.06981793,-0.014232491,0.39027494,0.0,0.0040799147,0.02148483,-0.000117896954,0.022373335,0.03878918,0.0,-0.1583256,0.0071560065,-0.10135415,0.0057640225,0.0,0.088886835,0.102848,-0.00043061367,-0.11168018,0.0,0.00032687228,0.012476198,-0.0023720814,0.06987116,0.0,0.0022181303,0.0063300547,-2.9474239e-05,0.007634669,0.002047441,0.0,-0.0791628,0.0011926676,0.30497646,0.0057640225,0.0,0.11369352,0.07475286,-0.00010765341
pct_entrepreneurs,0.042938095,0.049723975,-0.11396432,0.047708545,0.112802595,0.2886716,-0.115319386,0.18004687,-0.08193517,-0.30848262,0.14072256,0.23680256,0.07573328,0.28523633,-0.18321228,0.043275893,-0.008592284,-0.12682988,0.19923362,0.2087074,-0.05964149,0.0020680395,0.1027913,-0.21714763,-0.10451274,0.3256487,0.3392885,-0.29979166,-0.0043355674,-0.024537107,0.042063676,-0.02363166,0.0034395028,0.021490248,0.032450434,-0.02097986,0.1510251,0.17396274,-0.11557843,0.26930627,-0.1032413,-0.080974534,-0.022538036,-0.18130736,0.0,-0.00043383462,0.02159044,-0.0074381894,0.19761549,0.0,-0.0018221023,-0.007160982,2.9080957e-05,-0.0059939097,-0.05795592,0.0,-0.083039306,-0.0026712734,0.007553474,0.0025412182,0.0,0.012210629,0.06226045,0.0001789015,-0.09334661,0.0,-0.00014461152,0.004388245,-0.0012396983,0.034527827,0.0,-0.0009869918,-0.0021531372,7.270239e-06,-0.0021582674,-0.03282645,0.0,-0.041519653,-0.00044521224,0.14754155,0.0025412187,0.0,0.001252068,0.04300235,4.472538e-05
pct_farmers,-0.058424518,-0.013161794,0.095731944,-0.04137484,-0.05009073,-0.13535258,0.11975047,-0.13856135,0.033749394,0.06741635,-0.10567807,-0.015954537,-0.06869332,-0.100630835,0.14947434,-0.006698223,0.044438537,-0.062552914,-0.020297471,-0.05964149,0.08412019,-0.07370579,0.010219624,0.021916771,0.06453113,-0.05608163,-0.14553507,0.07272376,0.050153878,0.09390769,-0.09882166,0.00048076073,-0.039316546,-0.020752544,-0.0017680312,-0.0019458551,-0.09277494,-0.109929405,0.08284115,-0.114094555,0.040645927,0.08027274,-0.04530096,0.01977722,0.0,0.0006038104,0.004309839,0.0025420352,-0.032404207,0.0,0.0025661713,0.01358791,-5.7484456e-05,0.0090886215,-0.0064072297,0.0,0.024985395,0.0038162281,-0.10911074,-0.0010942057,0.0,0.015257264,-0.013564078,-0.00024412056,0.013717304,0.0,0.00020127012,0.00042487937,0.0004236726,-0.0056603486,0.0,0.0013909064,0.004101021,-1.4371114e-05,0.0031943377,0.007954543,0.0,0.012492698,0.00063603785,-0.050567366,-0.0010942055,0.0,0.030971603,-0.011337093,-6.103014e-05
pct_middle_management,0.15131946,-0.041818544,-0.10566765,0.04565112,0.016695742,0.122076645,-0.14279853,0.04456706,0.039403196,0.23285072,0.14318238,-0.28946602,0.034893375,-0.013055711,-0.23593384,-0.024470182,0.09307649,0.07948085,-0.2982968,0.0020680395,-0.07370579,0.3191942,-0.2620516,0.17732772,0.002969634,-0.18457626,-0.113929234,0.19581202,-0.10172837,-0.08704635,0.077592775,-0.010526469,0.1178474,0.07338795,0.02090241,-0.027373048,0.24748564,-0.06288256,-0.043212503,-0.020202274,0.042021267,-0.1331865,0.14585282,0.061750554,0.0,-0.0013423212,-0.04084458,0.004302482,-0.15523338,0.0,-0.005726116,-0.024317494,0.00014258895,-0.027418794,-0.044719625,0.0,0.053209912,-0.009514874,0.14061116,-0.0019097402,0.0,-0.070816755,-0.03470427,0.0005830789,0.020798998,0.0,-0.00044744034,-0.006754858,0.00071708026,-0.028364517,0.0,-0.0031046018,-0.007030493,3.5647237e-05,-0.009472298,-0.024516435,0.0,0.026604956,-0.001585812,-0.11833629,-0.0019097403,0.0,-0.10889526,-0.024568832,0.00014576974
pct_skilled_labourers,-0.13851593,0.07807855,0.014604951,-0.02191267,0.046330564,0.03616597,0.034787755,0.123513505,-0.10813174,-0.43649313,-0.053150807,0.4596494,0.056351617,0.15856521,0.13769124,0.013847413,-0.17108645,-0.043646906,0.39953822,0.1027913,0.010219624,-0.2620516,0.45037046,-0.41007668,-0.13036464,0.39360338,0.42365313,-0.4338339,0.08200483,-0.047447186,0.0668427,0.004124976,-0.12168945,-0.05406576,-0.043030154,0.056445256,-0.20559314,0.25855744,-0.06489363,0.21806358,-0.12911925,0.06272202,-0.14155841,-0.107729815,0.0,0.0011523602,0.056578044,-0.010456198,0.27887306,0.0,0.0047363485,0.02226184,-0.00013066673,0.022379983,0.16460387,0.0,-0.11993042,0.008304094,-0.017640164,0.0043600434,0.0,0.082372814,0.0742405,-0.0004532354,-0.045345508,0.0,0.00038411998,0.009846094,-0.0017426993,0.05067245,0.0,0.0025765675,0.006438201,-3.266668e-05,0.0077067674,0.050310846,0.0,-0.05996521,0.0013840155,0.26009724,0.0043600434,0.0,0.11521238,0.056164164,-0.00011330885
pct_unskilled_labourers,0.06311581,-0.09267852,0.07226266,-0.01734375,-0.10776291,-0.23122579,0.061786193,-0.21652946,0.11899364,0.51520455,-0.05095543,-0.47527277,-0.10982131,-0.3426838,0.061946496,-0.07241776,0.1253337,0.17681706,-0.47492936,-0.21714763,0.021916771,0.17732772,-0.41007668,0.57937944,0.15204003,-0.51718473,-0.5608898,0.5314978,-0.05191747,0.04564792,-0.07164184,0.008014815,0.0931617,0.033529885,0.037131917,-0.054440506,-0.010308778,-0.27661407,0.124403715,-0.3310902,0.16726406,0.017299635,0.091804616,0.18809582,0.0,-0.00062416063,-0.05499754,0.012471856,-0.33684105,0.0,-0.0026302226,-0.016286084,8.169019e-05,-0.013374815,-0.13965051,0.0,0.1344893,-0.0047482452,-0.028806312,-0.0049544605,0.0,-0.06765711,-0.090655625,0.00027232908,0.08962996,0.0,-0.0002080535,-0.009941556,0.0020786426,-0.060411822,0.0,-0.0014293493,-0.00492942,2.0422547e-05,-0.004567782,-0.02924598,0.0,0.06724465,-0.0007913742,-0.2996609,-0.00495446,0.0,-0.08117094,-0.06688837,6.808227e-05
pct_social_class_a,-0.0031218813,-0.039599296,0.074743085,-0.02484942,-0.070894815,-0.16151771,0.09138986,-0.15748411,0.07640866,0.24426886,-0.07842457,-0.19575031,-0.05577017,-0.16357504,0.06840624,-0.010435695,0.08178652,-0.01319065,-0.12580112,-0.10451274,0.06453113,0.002969634,-0.13036464,0.15204003,0.1503095,-0.23840164,-0.28178364,0.21415643,0.0016630794,0.03897845,-0.051898506,0.010372777,0.017233647,-0.006984931,-0.0017241323,-0.007549085,-0.028528789,-0.17677522,0.10570499,-0.19403966,0.0831695,0.038869552,0.028623937,0.086772524,0.0,0.00011382047,-0.020612327,0.0064907386,-0.14372511,0.0,0.00059556664,0.0030510307,-2.5981012e-06,-0.0010045267,-0.045708578,0.0,0.065110065,0.00048656636,-0.056038346,-0.0021599436,0.0,-0.019084556,-0.045419116,-3.502838e-05,0.043296617,0.0,3.7940154e-05,-0.0039546005,0.0010817898,-0.025710111,0.0,0.00031707817,0.0010049382,-6.495253e-07,-0.00026919134,-0.00783466,0.0,0.032555033,8.109439e-05,-0.13362008,-0.0021599436,0.0,-0.017318642,-0.033657063,-8.757094e-06
pct_social_class_b1,-0.05746002,0.12208476,-0.087436214,0.034658954,0.17803738,0.38953283,-0.10148696,0.27122676,-0.15806197,-0.7418651,0.10970258,0.6600813,0.07011733,0.48291948,-0.060124,0.08220306,-0.06646229,-0.29437944,0.5388988,0.3256487,-0.05608163,-0.18457626,0.39360338,-0.51718473,-0.23840164,0.808223,0.6420386,-0.66683906,0.06994012,0.038489353,-0.00027841795,-0.05248407,-0.0979457,-0.017788846,0.046382785,-0.021281995,0.041924592,0.38069972,-0.17226107,0.46209854,-0.21319374,-0.017643848,-0.17266561,-0.3812746,0.0,0.00053682015,0.08215065,-0.01797213,0.49391416,0.0,0.001958697,0.011977983,-7.985591e-05,0.015344719,-0.0117701,0.0,-0.20007448,0.004191022,-0.18181495,0.0061393273,0.0,0.09085372,0.1452825,-0.0002573398,-0.18479061,0.0,0.00017894007,0.015146751,-0.0029953548,0.08747874,0.0,0.0010788004,0.0034684925,-1.9963978e-05,0.005149864,-0.017210515,0.0,-0.10003724,0.00069850363,0.34275737,0.006139328,0.0,0.10753956,0.102146685,-6.4334934e-05
pct_social_class_b2,0.008672931,0.12940188,-0.23973705,0.09283345,0.20841296,0.46472934,-0.23480992,0.46087557,-0.22919439,-0.76429546,0.22282027,0.6610535,0.2003212,0.5480509,-0.26094496,0.05296511,-0.23679098,-0.04427133,0.5497058,0.3392885,-0.14553507,-0.113929234,0.42365313,-0.5608898,-0.28178364,0.6420386,1.0,-0.83211,-0.028161597,-0.20974115,0.25310215,0.0007362113,-0.077222005,0.0030964185,-0.056293085,0.08771355,0.07298578,0.5229381,-0.27641752,0.6201407,-0.25846305,-0.12300516,-0.059574798,-0.25258374,0.0,-0.0001578425,0.059196994,-0.019603217,0.42976898,0.0,-0.0007526712,-0.00027202116,-1.4103257e-05,0.0013176799,0.13392171,0.0,-0.2112562,-0.00079237536,0.19271159,0.008046596,0.0,0.055674553,0.13344064,9.6760356e-05,-0.12727605,0.0,-5.2614167e-05,0.01134394,-0.003267203,0.07709069,0.0,-0.0004008797,-4.8423728e-05,-3.5258142e-06,0.00029023862,0.006926224,0.0,-0.1056281,-0.00013206252,0.43150386,0.008046597,0.0,0.054792028,0.10038883,2.4190087e-05
pct_social_class_c,0.049614187,-0.124726795,0.13451159,-0.053631295,-0.16637158,-0.3498834,0.12629475,-0.3320412,0.19294105,0.7452721,-0.12202051,-0.6914046,-0.13069128,-0.4677561,0.10315868,-0.051016714,0.17319955,0.14007737,-0.5676306,-0.29979166,0.07272376,0.19581202,-0.4338339,0.5314978,0.21415643,-0.66683906,-0.83211,0.80719334,-0.037462346,0.14140546,-0.18148845,-0.0006414828,0.12346707,0.019454163,0.035192292,-0.06366619,0.04736899,-0.44549403,0.18345283,-0.51501244,0.22539617,0.04044514,0.12978418,0.2744013,0.0,-0.0004956336,-0.07307876,0.018072002,-0.4348014,0.0,-0.0017619091,-0.013832544,7.7210374e-05,-0.010813688,-0.09248028,0.0,0.20270061,-0.003475107,-0.0053799264,-0.007294081,0.0,-0.0787713,-0.12925228,0.00015085324,0.13289525,0.0,-0.00016521115,-0.013505728,0.0030120006,-0.077873185,0.0,-0.0009732113,-0.004158125,1.9302594e-05,-0.003612775,-0.005113737,0.0,0.10135031,-0.0005791845,-0.3833393,-0.0072940816,0.0,-0.09577136,-0.095324785,3.771332e-05
pct_social_class_d,-0.0736533,0.008297621,0.07525942,-0.032338753,-0.021588724,-0.06513895,0.099058025,-0.06781793,-0.008702772,-0.06355029,-0.07328389,0.09334273,-0.0378476,-0.016792588,0.12512557,0.009995307,-0.0016877921,-0.06913248,0.076116316,-0.0043355674,0.050153878,-0.10172837,0.08200483,-0.05191747,0.0016630794,0.06994012,-0.028161597,-0.037462346,0.083680645,0.06976705,-0.0680792,-0.0033787536,-0.052217253,-0.022747118,0.016529465,-0.015553504,-0.10271646,-0.033500522,0.054638147,-0.03183764,0.0060672783,0.07852023,-0.074193776,-0.026779093,0.0,0.00062997354,0.018440874,-0.0007014011,0.04894524,0.0,0.0024241095,0.012403899,-6.121114e-05,0.011155165,-0.013159761,0.0,-0.0039206794,0.0041695083,-0.11232691,-5.046734e-05,0.0,0.03066313,0.007797183,-0.00022510953,-0.008918681,0.0,0.00020999121,0.0030308426,-0.0001169002,0.008793684,0.0,0.0013247019,0.0036188313,-1.5302785e-05,0.0038582336,0.0047997083,0.0,-0.0019603397,0.0006949181,0.012285477,-5.046733e-05,0.0,0.04829401,0.004292977,-5.6277382e-05
pct_rented_house,-0.101387344,-0.010805306,0.104550816,-0.038832083,-0.03317148,-0.0796492,0.14283182,-0.18143961,0.05899027,0.014541275,-0.10155109,-0.009441192,-0.118608594,-0.02267865,0.1344792,0.042397212,0.11691769,-0.20692764,-0.02913852,-0.024537107,0.09390769,-0.08704635,-0.047447186,0.04564792,0.03897845,0.038489353,-0.20974115,0.14140546,0.06976705,0.42677134,-0.42849994,-0.04377107,-0.03594327,-0.01630101,0.05384502,-0.056345906,0.024690105,-0.16758825,0.06093619,-0.11748716,0.044114213,0.0979595,-0.0783581,-0.06510958,0.0,0.00054504356,0.0140826935,0.0022184493,0.00762774,0.0,0.0023720502,0.009900643,-4.4592318e-05,0.017262777,-0.0927167,0.0,0.047792528,0.0037298256,-0.23695284,-0.0016583912,0.0,0.01879257,0.009412361,-0.00027154307,-0.028130775,0.0,0.0001816812,0.002237583,0.0003697417,0.00092195324,0.0,0.0012824397,0.0029841934,-1.11480795e-05,0.005971746,-0.032935366,0.0,0.023896264,0.0006216376,-0.07010272,-0.0016583912,0.0,0.0294179,-0.0001963323,-6.788577e-05
pct_home_owners,0.09910907,0.017942352,-0.11188438,0.04241142,0.04353164,0.10109214,-0.1471014,0.20012154,-0.07216482,-0.056729153,0.110135384,0.046171796,0.12201856,0.052663095,-0.14095834,-0.037100736,-0.1264221,0.19709073,0.06112319,0.042063676,-0.09882166,0.077592775,0.0668427,-0.07164184,-0.051898506,-0.00027841795,0.25310215,-0.18148845,-0.0680792,-0.42849994,0.43309817,0.043222006,0.030491438,0.0140581215,-0.05344343,0.05805804,-0.023409052,0.1920425,-0.072959505,0.14742894,-0.056229334,-0.10064489,0.07014896,0.045845445,0.0,-0.000528208,-0.009741364,-0.003290393,0.01864178,0.0,-0.0023039344,-0.009492612,4.146015e-05,-0.016560417,0.09070005,0.0,-0.059170604,-0.0035781239,0.23255375,0.002059847,0.0,-0.014600125,-0.0016040822,0.00026251987,0.018680446,0.0,-0.00017606933,-0.0014288786,-0.00054839876,0.0037520747,0.0,-0.0012451843,-0.0028694284,1.0365037e-05,-0.005738977,0.030830428,0.0,-0.029585302,-0.00059635396,0.090194486,0.0020598471,0.0,-0.024760455,0.0057952628,6.562996e-05
pct_one_car,0.009835625,-0.004393288,0.0049502198,0.00044580488,-0.014990694,-0.006632375,-0.014536143,-0.0075813453,-0.0091897175,0.030352088,-0.003766689,-0.021611262,-0.0054316944,-0.029996611,0.018439563,-0.0025484527,-0.018618433,0.03715192,0.0025253247,-0.02363166,0.00048076073,-0.010526469,0.004124976,0.008014815,0.010372777,-0.05248407,0.0007362113,-0.0006414828,-0.0033787536,-0.04377107,0.043222006,0.085974924,-0.041882772,-0.04383229,-0.023049677,0.023343366,-0.055383895,-0.006491431,0.020312935,-0.0045417175,0.0044932286,0.010955536,0.01316756,0.032845587,0.0,6.834898e-05,-0.0017381628,0.00092064653,-0.022077776,0.0,3.9302246e-05,0.0033357015,-8.010174e-06,3.4208668e-05,-3.993839e-05,0.0,0.010414819,0.00025032405,0.005128045,-0.00043730618,0.0,-0.0031429122,-0.0112870475,4.9153303e-05,0.016934976,0.0,2.2783e-05,-0.00042536273,0.00015344111,-0.003807764,0.0,3.204389e-05,0.0011056002,-2.0025434e-06,1.5089704e-05,0.0006976825,0.0,0.0052074096,4.1720676e-05,-0.011671599,-0.00043730618,0.0,-0.0022031409,-0.0076833097,1.2288326e-05
pct_two_cars,0.08016419,-0.018070444,-0.056607418,0.016917767,0.017756063,0.05599562,-0.05122896,0.029518284,0.015337997,0.12743314,0.077217124,-0.1666433,0.033333723,0.0031503215,-0.13977869,0.0012998024,0.041340426,0.039104916,-0.11537153,0.0034395028,-0.039316546,0.1178474,-0.12168945,0.0931617,0.017233647,-0.0979457,-0.077222005,0.12346707,-0.052217253,-0.03594327,0.030491438,-0.041882772,0.12599877,0.018110963,0.026101567,-0.03022834,0.13691811,-0.0178845,-0.039296795,-0.013932395,0.022446997,-0.07101114,0.06981254,0.029797234,0.0,-0.000790932,-0.02221469,0.0020378043,-0.06874087,0.0,-0.002781855,-0.014062962,6.540364e-05,-0.015100812,-0.052294955,0.0,0.022459775,-0.0049843844,0.09138582,-0.0006263793,0.0,-0.037362732,-0.015442707,0.00031136692,0.009449103,0.0,-0.00026364397,-0.0036684822,0.0003396341,-0.012785747,0.0,-0.0015309252,-0.0041928394,1.635091e-05,-0.005221087,-0.02118549,0.0,0.011229888,-0.00083073054,-0.049810465,-0.0006263794,0.0,-0.058376517,-0.010896774,7.784173e-05
pct_no_car,0.02741485,-0.0070695663,-0.04360383,0.020712737,0.013537743,0.03699507,-0.055628493,0.036428817,0.02239132,0.02233119,0.044894405,-0.03748835,0.03214972,0.034358718,-0.10339549,-0.0104535185,0.0146820685,0.014561885,-0.07241373,0.021490248,-0.020752544,0.07338795,-0.05406576,0.033529885,-0.006984931,-0.017788846,0.0030964185,0.019454163,-0.022747118,-0.01630101,0.0140581215,-0.04383229,0.018110963,0.078789294,0.014018386,-0.016059764,0.103081785,-0.009835083,-0.017864535,0.014048264,-0.0025080557,-0.04965372,0.042000912,0.013770964,0.0,-0.00040550507,-0.013063124,0.00060209166,-0.036288127,0.0,-0.0018459698,-0.01173624,5.5417135e-05,-0.008117008,0.014602716,0.0,0.0071226354,-0.0030352406,0.067388356,-0.00014207677,0.0,-0.015933389,-0.0024583207,0.00015089042,0.0036065339,0.0,-0.00013516833,-0.002110522,0.00010034858,-0.006549198,0.0,-0.0009974961,-0.0036031487,1.3854284e-05,-0.0028024055,-0.0011362013,0.0,0.0035613177,-0.0005058734,-0.012717722,-0.00014207678,0.0,-0.024413161,-0.0013461623,3.7722602e-05
pct_national_health_service,0.015947223,-0.00059641,-0.0012201541,0.009186151,0.019643867,0.03697076,0.0017200245,0.003248603,0.015072525,-0.0055426997,0.031793967,-0.020999897,-0.012692985,0.04762717,-0.038881138,0.018716069,0.06447775,-0.087090656,-0.019261934,0.032450434,-0.0017680312,0.02090241,-0.043030154,0.037131917,-0.0017241323,0.046382785,-0.056293085,0.035192292,0.016529465,0.05384502,-0.05344343,-0.023049677,0.026101567,0.014018386,0.11519585,-0.115281336,0.07163729,-0.025068756,0.0053236675,0.0057847616,0.0045508654,-0.005706283,-0.0147562325,-0.07347392,0.0,-0.0002007292,0.000477985,-9.898579e-05,0.024685986,0.0,-0.0011333076,-0.005621029,1.7760094e-05,-0.004923348,-0.120594025,0.0,0.00037236765,-0.0014075922,-0.10252297,-0.00014651594,0.0,-0.0017321333,0.00907394,0.00013051514,-0.037669294,0.0,-6.690972e-05,0.00020968636,-1.6497623e-05,0.0037414532,0.0,-0.00060232857,-0.0017867655,4.4400235e-06,-0.0017200664,-0.040647894,0.0,0.00018618382,-0.00023459872,-0.029994542,-0.00014651596,0.0,-0.004541003,0.0041315723,3.2628788e-05
pct_private_health_insurance,-0.017582148,0.005585167,-0.0037173203,-0.006407586,-0.01275845,-0.023241417,-0.0033741707,0.009977244,-0.025624378,-0.0237938,-0.026062043,0.04685269,0.014776837,-0.027194064,0.035120126,-0.015330724,-0.07263638,0.08240207,0.041580074,-0.02097986,-0.0019458551,-0.027373048,0.056445256,-0.054440506,-0.007549085,-0.021281995,0.08771355,-0.06366619,-0.015553504,-0.056345906,0.05805804,0.023343366,-0.03022834,-0.016059764,-0.115281336,0.11702082,-0.07248778,0.043273974,-0.014058145,0.015124045,-0.012923616,0.0038414202,0.008532858,0.06164642,0.0,0.00021479755,0.0025793263,-0.0006485904,-0.0068549486,0.0,0.0011903157,0.0059577655,-2.0179192e-05,0.005453948,0.119992964,0.0,-0.00834978,0.001529438,0.10064964,0.0004340828,0.0,0.004647089,-0.0038343526,-0.000137833,0.031897932,0.0,7.159919e-05,0.00035752184,-0.00010809841,-0.00055721635,0.0,0.0006334799,0.001882803,-5.044798e-06,0.0018964866,0.039390206,0.0,-0.00417489,0.00025490628,0.044083904,0.00043408276,0.0,0.007835989,-0.00032908953,-3.445825e-05
pct_income_under_30k,0.15417017,-0.010643821,-0.1977269,0.08087922,0.102378674,0.3385533,-0.24424034,0.16301,0.038874384,0.041670106,0.24833703,-0.17632037,0.1083834,0.25102532,-0.4575261,0.064713836,0.13152735,-0.12798724,-0.12714933,0.1510251,-0.09277494,0.24748564,-0.20559314,-0.010308778,-0.028528789,0.041924592,0.07298578,0.04736899,-0.10271646,0.024690105,-0.023409052,-0.055383895,0.13691811,0.103081785,0.07163729,-0.07248778,0.53950274,-0.037833724,-0.12572329,0.13200143,-0.025703626,-0.20827895,0.18486725,-0.06054669,0.0,-0.0018193196,-0.038594488,0.0001545626,-0.03459895,0.0,-0.007269701,-0.03731297,0.00018130422,-0.032327265,-0.112199634,0.0,0.017268246,-0.012092,0.18803816,-0.00029629032,0.0,-0.07084314,0.00882067,0.00071780453,-0.043265373,0.0,-0.00060643995,-0.005971808,2.576047e-05,-0.007537435,0.0,-0.0039607333,-0.01108792,4.5326055e-05,-0.0112049505,-0.06673828,0.0,0.008634123,-0.0020153332,-0.01730694,-0.00029629035,0.0,-0.12069594,0.0047600404,0.00017945113
